25 4
0 0.000000
1 0.000000
2 0.000000
3 0.000000
4 0.000000
5 0.000000
6 0.000000
7 0.000000
8 0.000000
9 0.000000
10 0.000000
11 0.000000
12 0.000000
13 0.000000
14 0.000000
15 0.000000
16 0.000000
17 0.000000
18 0.000000
19 0.000000
20 0.000000
21 0.000000
22 0.000000
23 0.000000
24 1.000000
0 0 0 0.000000
0 1 0 0.000000
0 2 0 0.000000
0 3 0 0.065812
0 4 0 0.000000
0 5 0 0.000000
0 6 0 0.000000
0 7 0 0.000000
0 8 0 0.000000
0 9 0 0.010480
0 10 0 0.000000
0 11 0 0.000000
0 12 0 0.000000
0 13 0 0.000000
0 14 0 0.000000
0 15 0 0.000000
0 16 0 0.177636
0 17 0 0.000000
0 18 0 0.000000
0 19 0 0.000000
0 20 0 0.000000
0 21 0 0.000000
0 22 0 0.000000
0 23 0 0.000000
0 24 0 0.000000
0 0 1 0.000000
0 1 1 0.000000
0 2 1 0.000000
0 3 1 0.000000
0 4 1 0.000000
0 5 1 0.000000
0 6 1 0.000000
0 7 1 0.000000
0 8 1 0.148910
0 9 1 0.000000
0 10 1 0.000000
0 11 1 0.036692
0 12 1 0.000000
0 13 1 0.000000
0 14 1 0.000000
0 15 1 0.000000
0 16 1 0.000000
0 17 1 0.000000
0 18 1 0.000000
0 19 1 0.090189
0 20 1 0.000000
0 21 1 0.000000
0 22 1 0.000000
0 23 1 0.000000
0 24 1 0.000000
0 0 2 0.000000
0 1 2 0.000000
0 2 2 0.000000
0 3 2 0.000000
0 4 2 0.000000
0 5 2 0.000000
0 6 2 0.000000
0 7 2 0.000000
0 8 2 0.000000
0 9 2 0.000000
0 10 2 0.000000
0 11 2 0.000000
0 12 2 0.000000
0 13 2 0.000000
0 14 2 0.000000
0 15 2 0.000000
0 16 2 0.000000
0 17 2 0.000000
0 18 2 0.000000
0 19 2 0.000000
0 20 2 0.000000
0 21 2 0.000000
0 22 2 0.116023
0 23 2 0.000000
0 24 2 0.000000
0 0 3 0.000000
0 1 3 0.000000
0 2 3 0.000000
0 3 3 0.000000
0 4 3 0.000000
0 5 3 0.000000
0 6 3 0.038529
0 7 3 0.058894
0 8 3 0.006374
0 9 3 0.000000
0 10 3 0.000000
0 11 3 0.000000
0 12 3 0.000000
0 13 3 0.000000
0 14 3 0.000000
0 15 3 0.000000
0 16 3 0.000000
0 17 3 0.000000
0 18 3 0.000000
0 19 3 0.000000
0 20 3 0.000000
0 21 3 0.000000
0 22 3 0.000000
0 23 3 0.000000
0 24 3 0.000000
1 0 0 0.000000
1 1 0 0.000000
1 2 0 0.000000
1 3 0 0.000000
1 4 0 0.000000
1 5 0 0.000000
1 6 0 0.000000
1 7 0 0.000000
1 8 0 0.000000
1 9 0 0.000000
1 10 0 0.000000
1 11 0 0.000000
1 12 0 0.000000
1 13 0 0.000000
1 14 0 0.000000
1 15 0 0.000000
1 16 0 0.000000
1 17 0 0.000000
1 18 0 0.000000
1 19 0 0.000000
1 20 0 0.000000
1 21 0 0.000000
1 22 0 0.000000
1 23 0 0.000000
1 24 0 0.000000
1 0 1 0.000000
1 1 1 0.000000
1 2 1 0.000000
1 3 1 0.000000
1 4 1 0.000000
1 5 1 0.000000
1 6 1 0.000000
1 7 1 0.000000
1 8 1 0.000000
1 9 1 0.000000
1 10 1 0.000000
1 11 1 0.000000
1 12 1 0.000000
1 13 1 0.000000
1 14 1 0.000000
1 15 1 0.000000
1 16 1 0.308266
1 17 1 0.000000
1 18 1 0.000000
1 19 1 0.000000
1 20 1 0.000000
1 21 1 0.000000
1 22 1 0.000000
1 23 1 0.000000
1 24 1 0.000000
1 0 2 0.000000
1 1 2 0.000000
1 2 2 0.000000
1 3 2 0.000000
1 4 2 0.000000
1 5 2 0.000000
1 6 2 0.000000
1 7 2 0.076941
1 8 2 0.000000
1 9 2 0.000000
1 10 2 0.000000
1 11 2 0.000000
1 12 2 0.000000
1 13 2 0.000000
1 14 2 0.000000
1 15 2 0.000000
1 16 2 0.000000
1 17 2 0.000000
1 18 2 0.000000
1 19 2 0.000000
1 20 2 0.000000
1 21 2 0.000000
1 22 2 0.000000
1 23 2 0.000000
1 24 2 0.000000
1 0 3 0.000000
1 1 3 0.000000
1 2 3 0.000000
1 3 3 0.000000
1 4 3 0.000000
1 5 3 0.000000
1 6 3 0.000000
1 7 3 0.000000
1 8 3 0.000000
1 9 3 0.000000
1 10 3 0.503948
1 11 3 0.000000
1 12 3 0.000000
1 13 3 0.000000
1 14 3 0.000000
1 15 3 0.000000
1 16 3 0.000000
1 17 3 0.000000
1 18 3 0.000000
1 19 3 0.005235
1 20 3 0.000000
1 21 3 0.000000
1 22 3 0.000000
1 23 3 0.081558
1 24 3 0.000000
2 0 0 0.000000
2 1 0 0.000000
2 2 0 0.000000
2 3 0 0.000000
2 4 0 0.000000
2 5 0 0.000000
2 6 0 0.000000
2 7 0 0.000000
2 8 0 0.000000
2 9 0 0.000000
2 10 0 0.000000
2 11 0 0.000000
2 12 0 0.000000
2 13 0 0.000000
2 14 0 0.000000
2 15 0 0.000000
2 16 0 0.000000
2 17 0 0.000000
2 18 0 0.000000
2 19 0 0.000000
2 20 0 0.000000
2 21 0 0.000000
2 22 0 0.000000
2 23 0 0.013204
2 24 0 0.000000
2 0 1 0.000000
2 1 1 0.000000
2 2 1 0.436598
2 3 1 0.000000
2 4 1 0.000000
2 5 1 0.172140
2 6 1 0.000000
2 7 1 0.000000
2 8 1 0.000000
2 9 1 0.000000
2 10 1 0.000000
2 11 1 0.000000
2 12 1 0.049212
2 13 1 0.000000
2 14 1 0.000000
2 15 1 0.000000
2 16 1 0.000000
2 17 1 0.000000
2 18 1 0.000000
2 19 1 0.000000
2 20 1 0.000000
2 21 1 0.000000
2 22 1 0.000000
2 23 1 0.000000
2 24 1 0.000000
2 0 2 0.000000
2 1 2 0.000000
2 2 2 0.000000
2 3 2 0.000000
2 4 2 0.000000
2 5 2 0.000000
2 6 2 0.000000
2 7 2 0.000000
2 8 2 0.000000
2 9 2 0.000000
2 10 2 0.000000
2 11 2 0.000000
2 12 2 0.000000
2 13 2 0.000000
2 14 2 0.000000
2 15 2 0.000000
2 16 2 0.000000
2 17 2 0.000000
2 18 2 0.000000
2 19 2 0.000000
2 20 2 0.298019
2 21 2 0.000000
2 22 2 0.000000
2 23 2 0.000000
2 24 2 0.000000
2 0 3 0.000000
2 1 3 0.000000
2 2 3 0.000000
2 3 3 0.000000
2 4 3 0.000000
2 5 3 0.000000
2 6 3 0.000000
2 7 3 0.000000
2 8 3 0.000000
2 9 3 0.000000
2 10 3 0.000000
2 11 3 0.000000
2 12 3 0.000000
2 13 3 0.000000
2 14 3 0.000000
2 15 3 0.000000
2 16 3 0.000000
2 17 3 0.000000
2 18 3 0.000000
2 19 3 0.000000
2 20 3 0.000000
2 21 3 0.000000
2 22 3 0.000000
2 23 3 0.000000
2 24 3 0.000000
3 0 0 0.000000
3 1 0 0.000000
3 2 0 0.000000
3 3 0 0.000000
3 4 0 0.000000
3 5 0 0.000000
3 6 0 0.000000
3 7 0 0.000000
3 8 0 0.000000
3 9 0 0.000000
3 10 0 0.000000
3 11 0 0.000000
3 12 0 0.000000
3 13 0 0.000000
3 14 0 0.000000
3 15 0 0.000000
3 16 0 0.000000
3 17 0 0.000000
3 18 0 0.000000
3 19 0 0.000000
3 20 0 0.000000
3 21 0 0.000000
3 22 0 0.000000
3 23 0 0.000000
3 24 0 0.000000
3 0 1 0.000000
3 1 1 0.000000
3 2 1 0.000000
3 3 1 0.000000
3 4 1 0.000000
3 5 1 0.000000
3 6 1 0.000000
3 7 1 0.000000
3 8 1 0.000000
3 9 1 0.000000
3 10 1 0.000000
3 11 1 0.000000
3 12 1 0.000000
3 13 1 0.000000
3 14 1 0.000000
3 15 1 0.000000
3 16 1 0.000000
3 17 1 0.000000
3 18 1 0.510907
3 19 1 0.000000
3 20 1 0.000000
3 21 1 0.145748
3 22 1 0.000000
3 23 1 0.000000
3 24 1 0.000000
3 0 2 0.000000
3 1 2 0.000000
3 2 2 0.000000
3 3 2 0.000000
3 4 2 0.000000
3 5 2 0.000000
3 6 2 0.000000
3 7 2 0.000000
3 8 2 0.000000
3 9 2 0.000000
3 10 2 0.000000
3 11 2 0.000000
3 12 2 0.000000
3 13 2 0.000000
3 14 2 0.000000
3 15 2 0.272491
3 16 2 0.000000
3 17 2 0.000000
3 18 2 0.000000
3 19 2 0.000000
3 20 2 0.000000
3 21 2 0.000000
3 22 2 0.000000
3 23 2 0.000000
3 24 2 0.000000
3 0 3 0.000000
3 1 3 0.000000
3 2 3 0.000000
3 3 3 0.000000
3 4 3 0.000000
3 5 3 0.000000
3 6 3 0.000000
3 7 3 0.000000
3 8 3 0.000000
3 9 3 0.000000
3 10 3 0.000000
3 11 3 0.000000
3 12 3 0.000000
3 13 3 0.000000
3 14 3 0.000000
3 15 3 0.000000
3 16 3 0.000000
3 17 3 0.000000
3 18 3 0.000000
3 19 3 0.000000
3 20 3 0.000000
3 21 3 0.000000
3 22 3 0.000000
3 23 3 0.000000
3 24 3 0.000000
4 0 0 0.000000
4 1 0 0.000000
4 2 0 0.134073
4 3 0 0.000000
4 4 0 0.000000
4 5 0 0.000000
4 6 0 0.000000
4 7 0 0.000000
4 8 0 0.000000
4 9 0 0.000000
4 10 0 0.000000
4 11 0 0.358181
4 12 0 0.000000
4 13 0 0.000000
4 14 0 0.000000
4 15 0 0.000000
4 16 0 0.000000
4 17 0 0.000000
4 18 0 0.000000
4 19 0 0.000000
4 20 0 0.000000
4 21 0 0.000000
4 22 0 0.000000
4 23 0 0.000000
4 24 0 0.000000
4 0 1 0.000000
4 1 1 0.000000
4 2 1 0.000000
4 3 1 0.000000
4 4 1 0.012019
4 5 1 0.000000
4 6 1 0.000000
4 7 1 0.000000
4 8 1 0.000000
4 9 1 0.000000
4 10 1 0.000000
4 11 1 0.000000
4 12 1 0.008534
4 13 1 0.000000
4 14 1 0.000000
4 15 1 0.000000
4 16 1 0.000000
4 17 1 0.000000
4 18 1 0.076412
4 19 1 0.000000
4 20 1 0.000000
4 21 1 0.000000
4 22 1 0.000000
4 23 1 0.000000
4 24 1 0.000000
4 0 2 0.000000
4 1 2 0.000000
4 2 2 0.000000
4 3 2 0.000000
4 4 2 0.000000
4 5 2 0.000278
4 6 2 0.000000
4 7 2 0.000000
4 8 2 0.000000
4 9 2 0.000000
4 10 2 0.000000
4 11 2 0.000000
4 12 2 0.000000
4 13 2 0.000000
4 14 2 0.000000
4 15 2 0.000000
4 16 2 0.000517
4 17 2 0.000000
4 18 2 0.000000
4 19 2 0.000000
4 20 2 0.000000
4 21 2 0.000000
4 22 2 0.000000
4 23 2 0.000000
4 24 2 0.000000
4 0 3 0.000000
4 1 3 0.000000
4 2 3 0.000000
4 3 3 0.005678
4 4 3 0.000000
4 5 3 0.000000
4 6 3 0.000000
4 7 3 0.000000
4 8 3 0.000000
4 9 3 0.000000
4 10 3 0.000000
4 11 3 0.000000
4 12 3 0.000000
4 13 3 0.000000
4 14 3 0.000000
4 15 3 0.000000
4 16 3 0.000000
4 17 3 0.000000
4 18 3 0.000000
4 19 3 0.000000
4 20 3 0.000000
4 21 3 0.000000
4 22 3 0.000000
4 23 3 0.000000
4 24 3 0.000000
5 0 0 0.000000
5 1 0 0.000000
5 2 0 0.000000
5 3 0 0.000000
5 4 0 0.000000
5 5 0 0.000000
5 6 0 0.000000
5 7 0 0.407904
5 8 0 0.000000
5 9 0 0.000000
5 10 0 0.000000
5 11 0 0.000000
5 12 0 0.000000
5 13 0 0.000000
5 14 0 0.000000
5 15 0 0.000000
5 16 0 0.000000
5 17 0 0.000000
5 18 0 0.000000
5 19 0 0.000000
5 20 0 0.000000
5 21 0 0.000000
5 22 0 0.000000
5 23 0 0.000000
5 24 0 0.000000
5 0 1 0.000000
5 1 1 0.001025
5 2 1 0.000000
5 3 1 0.000000
5 4 1 0.000000
5 5 1 0.000000
5 6 1 0.000000
5 7 1 0.000944
5 8 1 0.000000
5 9 1 0.000000
5 10 1 0.000000
5 11 1 0.000000
5 12 1 0.000000
5 13 1 0.000000
5 14 1 0.000000
5 15 1 0.000000
5 16 1 0.000000
5 17 1 0.003505
5 18 1 0.000000
5 19 1 0.000000
5 20 1 0.000000
5 21 1 0.000000
5 22 1 0.000000
5 23 1 0.000000
5 24 1 0.006194
5 0 2 0.000000
5 1 2 0.000000
5 2 2 0.000000
5 3 2 0.000000
5 4 2 0.000000
5 5 2 0.000000
5 6 2 0.000000
5 7 2 0.018186
5 8 2 0.000000
5 9 2 0.000000
5 10 2 0.000000
5 11 2 0.000000
5 12 2 0.000000
5 13 2 0.003931
5 14 2 0.000000
5 15 2 0.000000
5 16 2 0.040319
5 17 2 0.000000
5 18 2 0.000000
5 19 2 0.000000
5 20 2 0.000000
5 21 2 0.000000
5 22 2 0.000000
5 23 2 0.000000
5 24 2 0.000000
5 0 3 0.000000
5 1 3 0.000000
5 2 3 0.000000
5 3 3 0.000000
5 4 3 0.000000
5 5 3 0.000000
5 6 3 0.000000
5 7 3 0.176398
5 8 3 0.000000
5 9 3 0.160758
5 10 3 0.000000
5 11 3 0.000000
5 12 3 0.000000
5 13 3 0.000000
5 14 3 0.000000
5 15 3 0.000000
5 16 3 0.000000
5 17 3 0.000000
5 18 3 0.000000
5 19 3 0.000000
5 20 3 0.000000
5 21 3 0.000000
5 22 3 0.000000
5 23 3 0.000000
5 24 3 0.000000
6 0 0 0.000000
6 1 0 0.000000
6 2 0 0.000000
6 3 0 0.000000
6 4 0 0.000000
6 5 0 0.000000
6 6 0 0.000000
6 7 0 0.000000
6 8 0 0.000000
6 9 0 0.000000
6 10 0 0.000000
6 11 0 0.000000
6 12 0 0.000000
6 13 0 0.000000
6 14 0 0.000000
6 15 0 0.000000
6 16 0 0.000000
6 17 0 0.000000
6 18 0 0.000000
6 19 0 0.000000
6 20 0 0.000000
6 21 0 0.000000
6 22 0 0.000000
6 23 0 0.000000
6 24 0 0.000000
6 0 1 0.000000
6 1 1 0.000000
6 2 1 0.000000
6 3 1 0.000000
6 4 1 0.000000
6 5 1 0.000000
6 6 1 0.173252
6 7 1 0.000000
6 8 1 0.000000
6 9 1 0.000000
6 10 1 0.000000
6 11 1 0.000000
6 12 1 0.000000
6 13 1 0.000000
6 14 1 0.000000
6 15 1 0.000000
6 16 1 0.000000
6 17 1 0.000000
6 18 1 0.000000
6 19 1 0.000000
6 20 1 0.000000
6 21 1 0.000000
6 22 1 0.000000
6 23 1 0.000000
6 24 1 0.000000
6 0 2 0.000000
6 1 2 0.000000
6 2 2 0.000000
6 3 2 0.000000
6 4 2 0.000000
6 5 2 0.000000
6 6 2 0.000000
6 7 2 0.000000
6 8 2 0.000000
6 9 2 0.000000
6 10 2 0.000000
6 11 2 0.000000
6 12 2 0.000000
6 13 2 0.000000
6 14 2 0.000000
6 15 2 0.000000
6 16 2 0.000000
6 17 2 0.000000
6 18 2 0.000000
6 19 2 0.000000
6 20 2 0.000000
6 21 2 0.000000
6 22 2 0.000000
6 23 2 0.000000
6 24 2 0.000000
6 0 3 0.000000
6 1 3 0.000000
6 2 3 0.000000
6 3 3 0.000000
6 4 3 0.784742
6 5 3 0.000000
6 6 3 0.000000
6 7 3 0.000000
6 8 3 0.000000
6 9 3 0.000000
6 10 3 0.000000
6 11 3 0.000000
6 12 3 0.000000
6 13 3 0.000000
6 14 3 0.000000
6 15 3 0.001495
6 16 3 0.000000
6 17 3 0.000000
6 18 3 0.000000
6 19 3 0.040511
6 20 3 0.000000
6 21 3 0.000000
6 22 3 0.000000
6 23 3 0.000000
6 24 3 0.000000
7 0 0 0.019082
7 1 0 0.000000
7 2 0 0.000000
7 3 0 0.000000
7 4 0 0.000000
7 5 0 0.000000
7 6 0 0.000000
7 7 0 0.000000
7 8 0 0.000000
7 9 0 0.000000
7 10 0 0.000000
7 11 0 0.000000
7 12 0 0.000000
7 13 0 0.000000
7 14 0 0.000000
7 15 0 0.000000
7 16 0 0.000000
7 17 0 0.000000
7 18 0 0.000000
7 19 0 0.000000
7 20 0 0.000000
7 21 0 0.000000
7 22 0 0.005981
7 23 0 0.000000
7 24 0 0.000000
7 0 1 0.000000
7 1 1 0.000000
7 2 1 0.000000
7 3 1 0.000000
7 4 1 0.000000
7 5 1 0.000000
7 6 1 0.000000
7 7 1 0.000000
7 8 1 0.000000
7 9 1 0.296726
7 10 1 0.000000
7 11 1 0.000000
7 12 1 0.000000
7 13 1 0.031887
7 14 1 0.000000
7 15 1 0.000000
7 16 1 0.000000
7 17 1 0.000000
7 18 1 0.000000
7 19 1 0.000000
7 20 1 0.000000
7 21 1 0.000000
7 22 1 0.000000
7 23 1 0.000000
7 24 1 0.000000
7 0 2 0.087548
7 1 2 0.000000
7 2 2 0.000000
7 3 2 0.000000
7 4 2 0.000000
7 5 2 0.000000
7 6 2 0.000000
7 7 2 0.000000
7 8 2 0.000000
7 9 2 0.000000
7 10 2 0.000000
7 11 2 0.000000
7 12 2 0.000000
7 13 2 0.000000
7 14 2 0.000000
7 15 2 0.000000
7 16 2 0.000000
7 17 2 0.000000
7 18 2 0.000000
7 19 2 0.000000
7 20 2 0.042743
7 21 2 0.000000
7 22 2 0.000000
7 23 2 0.000000
7 24 2 0.000000
7 0 3 0.000000
7 1 3 0.000000
7 2 3 0.000000
7 3 3 0.000000
7 4 3 0.000000
7 5 3 0.000000
7 6 3 0.000000
7 7 3 0.000000
7 8 3 0.000000
7 9 3 0.000000
7 10 3 0.000000
7 11 3 0.000000
7 12 3 0.000000
7 13 3 0.000000
7 14 3 0.000000
7 15 3 0.017951
7 16 3 0.004379
7 17 3 0.000000
7 18 3 0.000000
7 19 3 0.000000
7 20 3 0.000000
7 21 3 0.000000
7 22 3 0.000000
7 23 3 0.000000
7 24 3 0.000000
8 0 0 0.000000
8 1 0 0.000000
8 2 0 0.000000
8 3 0 0.000000
8 4 0 0.000000
8 5 0 0.000000
8 6 0 0.000000
8 7 0 0.000000
8 8 0 0.000000
8 9 0 0.000000
8 10 0 0.000000
8 11 0 0.000000
8 12 0 0.000000
8 13 0 0.001293
8 14 0 0.000000
8 15 0 0.089080
8 16 0 0.000000
8 17 0 0.000000
8 18 0 0.103730
8 19 0 0.000000
8 20 0 0.000000
8 21 0 0.000000
8 22 0 0.000000
8 23 0 0.000000
8 24 0 0.000000
8 0 1 0.000000
8 1 1 0.000000
8 2 1 0.000000
8 3 1 0.000000
8 4 1 0.000000
8 5 1 0.000000
8 6 1 0.000000
8 7 1 0.000000
8 8 1 0.000000
8 9 1 0.000000
8 10 1 0.000000
8 11 1 0.000000
8 12 1 0.000000
8 13 1 0.000000
8 14 1 0.000000
8 15 1 0.000000
8 16 1 0.000000
8 17 1 0.000000
8 18 1 0.124086
8 19 1 0.000000
8 20 1 0.000000
8 21 1 0.000000
8 22 1 0.000000
8 23 1 0.000000
8 24 1 0.114641
8 0 2 0.000000
8 1 2 0.000000
8 2 2 0.000000
8 3 2 0.000000
8 4 2 0.339148
8 5 2 0.000000
8 6 2 0.035080
8 7 2 0.000000
8 8 2 0.000000
8 9 2 0.000000
8 10 2 0.000000
8 11 2 0.000000
8 12 2 0.000000
8 13 2 0.000000
8 14 2 0.000000
8 15 2 0.000000
8 16 2 0.000000
8 17 2 0.000000
8 18 2 0.000000
8 19 2 0.000000
8 20 2 0.000000
8 21 2 0.000000
8 22 2 0.000000
8 23 2 0.000000
8 24 2 0.000000
8 0 3 0.000000
8 1 3 0.000000
8 2 3 0.000000
8 3 3 0.000000
8 4 3 0.000000
8 5 3 0.000000
8 6 3 0.000000
8 7 3 0.000000
8 8 3 0.156901
8 9 3 0.000000
8 10 3 0.000000
8 11 3 0.000000
8 12 3 0.000000
8 13 3 0.000000
8 14 3 0.000000
8 15 3 0.000000
8 16 3 0.000000
8 17 3 0.000000
8 18 3 0.000000
8 19 3 0.000000
8 20 3 0.000000
8 21 3 0.000000
8 22 3 0.000000
8 23 3 0.000000
8 24 3 0.000000
9 0 0 0.000000
9 1 0 0.000000
9 2 0 0.000000
9 3 0 0.000000
9 4 0 0.000000
9 5 0 0.000000
9 6 0 0.000000
9 7 0 0.000000
9 8 0 0.000000
9 9 0 0.000000
9 10 0 0.000000
9 11 0 0.000000
9 12 0 0.030719
9 13 0 0.000000
9 14 0 0.000000
9 15 0 0.000000
9 16 0 0.000000
9 17 0 0.000000
9 18 0 0.000000
9 19 0 0.000000
9 20 0 0.000000
9 21 0 0.000000
9 22 0 0.000000
9 23 0 0.000000
9 24 0 0.007647
9 0 1 0.000000
9 1 1 0.000000
9 2 1 0.000000
9 3 1 0.000000
9 4 1 0.000000
9 5 1 0.000000
9 6 1 0.000000
9 7 1 0.000000
9 8 1 0.000000
9 9 1 0.000000
9 10 1 0.000000
9 11 1 0.063610
9 12 1 0.000000
9 13 1 0.000000
9 14 1 0.000000
9 15 1 0.000000
9 16 1 0.000000
9 17 1 0.000000
9 18 1 0.000000
9 19 1 0.000000
9 20 1 0.000000
9 21 1 0.000000
9 22 1 0.000000
9 23 1 0.151486
9 24 1 0.000000
9 0 2 0.000000
9 1 2 0.000000
9 2 2 0.000000
9 3 2 0.000000
9 4 2 0.000000
9 5 2 0.000000
9 6 2 0.000000
9 7 2 0.000000
9 8 2 0.000000
9 9 2 0.000000
9 10 2 0.000000
9 11 2 0.000000
9 12 2 0.000000
9 13 2 0.000000
9 14 2 0.013638
9 15 2 0.001518
9 16 2 0.000000
9 17 2 0.000000
9 18 2 0.000000
9 19 2 0.000000
9 20 2 0.002531
9 21 2 0.000000
9 22 2 0.000000
9 23 2 0.000000
9 24 2 0.000331
9 0 3 0.000000
9 1 3 0.000000
9 2 3 0.000000
9 3 3 0.000000
9 4 3 0.000000
9 5 3 0.000000
9 6 3 0.000000
9 7 3 0.000000
9 8 3 0.000000
9 9 3 0.000000
9 10 3 0.000000
9 11 3 0.000000
9 12 3 0.000000
9 13 3 0.000000
9 14 3 0.000000
9 15 3 0.000000
9 16 3 0.000000
9 17 3 0.000000
9 18 3 0.402578
9 19 3 0.000000
9 20 3 0.000000
9 21 3 0.000000
9 22 3 0.000000
9 23 3 0.000000
9 24 3 0.000000
10 0 0 0.000000
10 1 0 0.000000
10 2 0 0.000000
10 3 0 0.000000
10 4 0 0.198392
10 5 0 0.000000
10 6 0 0.000000
10 7 0 0.000000
10 8 0 0.000000
10 9 0 0.000000
10 10 0 0.000000
10 11 0 0.000000
10 12 0 0.000000
10 13 0 0.000000
10 14 0 0.000000
10 15 0 0.000000
10 16 0 0.000000
10 17 0 0.000000
10 18 0 0.000000
10 19 0 0.000000
10 20 0 0.000000
10 21 0 0.000000
10 22 0 0.000000
10 23 0 0.000000
10 24 0 0.000000
10 0 1 0.000000
10 1 1 0.000000
10 2 1 0.000000
10 3 1 0.000000
10 4 1 0.000000
10 5 1 0.000000
10 6 1 0.000000
10 7 1 0.000000
10 8 1 0.000000
10 9 1 0.000000
10 10 1 0.000000
10 11 1 0.000000
10 12 1 0.000000
10 13 1 0.000000
10 14 1 0.000000
10 15 1 0.000000
10 16 1 0.000000
10 17 1 0.000000
10 18 1 0.000000
10 19 1 0.000000
10 20 1 0.000000
10 21 1 0.000000
10 22 1 0.000000
10 23 1 0.000000
10 24 1 0.000000
10 0 2 0.000000
10 1 2 0.000000
10 2 2 0.000000
10 3 2 0.000000
10 4 2 0.000000
10 5 2 0.000000
10 6 2 0.000000
10 7 2 0.000000
10 8 2 0.000000
10 9 2 0.000000
10 10 2 0.000000
10 11 2 0.000000
10 12 2 0.000000
10 13 2 0.000000
10 14 2 0.000000
10 15 2 0.000000
10 16 2 0.000000
10 17 2 0.000000
10 18 2 0.000000
10 19 2 0.000000
10 20 2 0.000000
10 21 2 0.000000
10 22 2 0.000000
10 23 2 0.000000
10 24 2 0.000000
10 0 3 0.000000
10 1 3 0.000000
10 2 3 0.000000
10 3 3 0.000000
10 4 3 0.000000
10 5 3 0.000000
10 6 3 0.000000
10 7 3 0.000000
10 8 3 0.000000
10 9 3 0.206051
10 10 3 0.000000
10 11 3 0.000000
10 12 3 0.000000
10 13 3 0.000000
10 14 3 0.000000
10 15 3 0.000000
10 16 3 0.000000
10 17 3 0.000000
10 18 3 0.000000
10 19 3 0.083723
10 20 3 0.000000
10 21 3 0.000000
10 22 3 0.214438
10 23 3 0.000000
10 24 3 0.000000
11 0 0 0.000000
11 1 0 0.000000
11 2 0 0.000000
11 3 0 0.000000
11 4 0 0.000000
11 5 0 0.000000
11 6 0 0.000000
11 7 0 0.000000
11 8 0 0.000000
11 9 0 0.000000
11 10 0 0.000000
11 11 0 0.000000
11 12 0 0.000000
11 13 0 0.000000
11 14 0 0.302869
11 15 0 0.000000
11 16 0 0.000000
11 17 0 0.000000
11 18 0 0.000000
11 19 0 0.000000
11 20 0 0.000000
11 21 0 0.000000
11 22 0 0.000000
11 23 0 0.000000
11 24 0 0.000000
11 0 1 0.000000
11 1 1 0.000000
11 2 1 0.016940
11 3 1 0.000000
11 4 1 0.000000
11 5 1 0.000000
11 6 1 0.005236
11 7 1 0.000000
11 8 1 0.000000
11 9 1 0.000000
11 10 1 0.000000
11 11 1 0.000000
11 12 1 0.000000
11 13 1 0.032304
11 14 1 0.000000
11 15 1 0.000000
11 16 1 0.000000
11 17 1 0.000000
11 18 1 0.000000
11 19 1 0.000000
11 20 1 0.000000
11 21 1 0.000000
11 22 1 0.000000
11 23 1 0.000000
11 24 1 0.000000
11 0 2 0.293545
11 1 2 0.000000
11 2 2 0.000000
11 3 2 0.000000
11 4 2 0.000000
11 5 2 0.000000
11 6 2 0.000000
11 7 2 0.000000
11 8 2 0.000000
11 9 2 0.000000
11 10 2 0.000000
11 11 2 0.000000
11 12 2 0.000000
11 13 2 0.000000
11 14 2 0.000000
11 15 2 0.000000
11 16 2 0.000000
11 17 2 0.000000
11 18 2 0.000000
11 19 2 0.000000
11 20 2 0.000000
11 21 2 0.000000
11 22 2 0.000000
11 23 2 0.000000
11 24 2 0.000000
11 0 3 0.000000
11 1 3 0.000000
11 2 3 0.000000
11 3 3 0.000000
11 4 3 0.000000
11 5 3 0.000000
11 6 3 0.000000
11 7 3 0.000000
11 8 3 0.000000
11 9 3 0.000000
11 10 3 0.000000
11 11 3 0.000000
11 12 3 0.000000
11 13 3 0.000000
11 14 3 0.000000
11 15 3 0.000000
11 16 3 0.000000
11 17 3 0.000000
11 18 3 0.000000
11 19 3 0.000000
11 20 3 0.000000
11 21 3 0.000000
11 22 3 0.000000
11 23 3 0.000000
11 24 3 0.000000
12 0 0 0.000000
12 1 0 0.127446
12 2 0 0.000000
12 3 0 0.000000
12 4 0 0.000000
12 5 0 0.000000
12 6 0 0.000000
12 7 0 0.000000
12 8 0 0.000000
12 9 0 0.000000
12 10 0 0.000000
12 11 0 0.000000
12 12 0 0.000000
12 13 0 0.000000
12 14 0 0.000000
12 15 0 0.000000
12 16 0 0.000000
12 17 0 0.000000
12 18 0 0.000000
12 19 0 0.000000
12 20 0 0.052412
12 21 0 0.000000
12 22 0 0.000000
12 23 0 0.000000
12 24 0 0.000000
12 0 1 0.000000
12 1 1 0.000000
12 2 1 0.262144
12 3 1 0.000000
12 4 1 0.000000
12 5 1 0.000000
12 6 1 0.000000
12 7 1 0.000000
12 8 1 0.000000
12 9 1 0.000000
12 10 1 0.000000
12 11 1 0.000000
12 12 1 0.000000
12 13 1 0.000000
12 14 1 0.000000
12 15 1 0.000000
12 16 1 0.000000
12 17 1 0.000000
12 18 1 0.000000
12 19 1 0.000000
12 20 1 0.000000
12 21 1 0.000000
12 22 1 0.000000
12 23 1 0.000000
12 24 1 0.000000
12 0 2 0.000000
12 1 2 0.000000
12 2 2 0.000000
12 3 2 0.000000
12 4 2 0.000000
12 5 2 0.000000
12 6 2 0.000000
12 7 2 0.000000
12 8 2 0.000000
12 9 2 0.000000
12 10 2 0.000000
12 11 2 0.000000
12 12 2 0.000000
12 13 2 0.000000
12 14 2 0.000000
12 15 2 0.000000
12 16 2 0.000000
12 17 2 0.000000
12 18 2 0.000000
12 19 2 0.000000
12 20 2 0.000000
12 21 2 0.000000
12 22 2 0.000000
12 23 2 0.000000
12 24 2 0.000000
12 0 3 0.000000
12 1 3 0.000000
12 2 3 0.000000
12 3 3 0.000000
12 4 3 0.000000
12 5 3 0.000000
12 6 3 0.000000
12 7 3 0.000000
12 8 3 0.000000
12 9 3 0.000000
12 10 3 0.000000
12 11 3 0.000000
12 12 3 0.000000
12 13 3 0.000000
12 14 3 0.000000
12 15 3 0.000000
12 16 3 0.000000
12 17 3 0.000000
12 18 3 0.000000
12 19 3 0.000000
12 20 3 0.000000
12 21 3 0.557999
12 22 3 0.000000
12 23 3 0.000000
12 24 3 0.000000
13 0 0 0.000000
13 1 0 0.000000
13 2 0 0.000000
13 3 0 0.000000
13 4 0 0.000000
13 5 0 0.000000
13 6 0 0.000000
13 7 0 0.000000
13 8 0 0.000000
13 9 0 0.000000
13 10 0 0.000000
13 11 0 0.000000
13 12 0 0.018423
13 13 0 0.000000
13 14 0 0.000000
13 15 0 0.000000
13 16 0 0.010696
13 17 0 0.000000
13 18 0 0.000000
13 19 0 0.000000
13 20 0 0.000000
13 21 0 0.000000
13 22 0 0.000000
13 23 0 0.000702
13 24 0 0.000000
13 0 1 0.000000
13 1 1 0.000000
13 2 1 0.000000
13 3 1 0.000000
13 4 1 0.000000
13 5 1 0.000000
13 6 1 0.000000
13 7 1 0.062294
13 8 1 0.000000
13 9 1 0.000000
13 10 1 0.000000
13 11 1 0.000000
13 12 1 0.000000
13 13 1 0.000000
13 14 1 0.000000
13 15 1 0.000000
13 16 1 0.000000
13 17 1 0.000000
13 18 1 0.000000
13 19 1 0.000000
13 20 1 0.000000
13 21 1 0.023623
13 22 1 0.000000
13 23 1 0.000000
13 24 1 0.000000
13 0 2 0.000000
13 1 2 0.000000
13 2 2 0.000000
13 3 2 0.000000
13 4 2 0.000000
13 5 2 0.000000
13 6 2 0.690642
13 7 2 0.000000
13 8 2 0.000000
13 9 2 0.000000
13 10 2 0.000000
13 11 2 0.000000
13 12 2 0.000000
13 13 2 0.000000
13 14 2 0.000000
13 15 2 0.000000
13 16 2 0.000000
13 17 2 0.000000
13 18 2 0.000000
13 19 2 0.000000
13 20 2 0.000000
13 21 2 0.000000
13 22 2 0.000000
13 23 2 0.000000
13 24 2 0.000000
13 0 3 0.000000
13 1 3 0.000000
13 2 3 0.000000
13 3 3 0.000000
13 4 3 0.000000
13 5 3 0.000000
13 6 3 0.000000
13 7 3 0.000000
13 8 3 0.000000
13 9 3 0.000000
13 10 3 0.000000
13 11 3 0.000000
13 12 3 0.000000
13 13 3 0.000000
13 14 3 0.000000
13 15 3 0.000000
13 16 3 0.000000
13 17 3 0.000000
13 18 3 0.061565
13 19 3 0.000000
13 20 3 0.000000
13 21 3 0.000000
13 22 3 0.000000
13 23 3 0.000000
13 24 3 0.000000
14 0 0 0.000000
14 1 0 0.000000
14 2 0 0.000000
14 3 0 0.000000
14 4 0 0.000000
14 5 0 0.000000
14 6 0 0.000000
14 7 0 0.080788
14 8 0 0.000000
14 9 0 0.148846
14 10 0 0.000000
14 11 0 0.000000
14 12 0 0.000000
14 13 0 0.000000
14 14 0 0.000000
14 15 0 0.000000
14 16 0 0.000000
14 17 0 0.000000
14 18 0 0.000000
14 19 0 0.000000
14 20 0 0.000000
14 21 0 0.000000
14 22 0 0.000000
14 23 0 0.000000
14 24 0 0.000000
14 0 1 0.000000
14 1 1 0.000000
14 2 1 0.000000
14 3 1 0.000000
14 4 1 0.000000
14 5 1 0.000000
14 6 1 0.292899
14 7 1 0.000000
14 8 1 0.000000
14 9 1 0.000000
14 10 1 0.000000
14 11 1 0.000000
14 12 1 0.000000
14 13 1 0.000000
14 14 1 0.000000
14 15 1 0.000000
14 16 1 0.000000
14 17 1 0.000000
14 18 1 0.000000
14 19 1 0.000000
14 20 1 0.000000
14 21 1 0.000000
14 22 1 0.000000
14 23 1 0.000000
14 24 1 0.000000
14 0 2 0.000000
14 1 2 0.000000
14 2 2 0.000000
14 3 2 0.000000
14 4 2 0.000000
14 5 2 0.000000
14 6 2 0.000000
14 7 2 0.000000
14 8 2 0.000000
14 9 2 0.000000
14 10 2 0.000000
14 11 2 0.000000
14 12 2 0.000000
14 13 2 0.000000
14 14 2 0.000000
14 15 2 0.000000
14 16 2 0.000000
14 17 2 0.000000
14 18 2 0.000000
14 19 2 0.000000
14 20 2 0.000000
14 21 2 0.000000
14 22 2 0.000000
14 23 2 0.000000
14 24 2 0.000000
14 0 3 0.000000
14 1 3 0.000000
14 2 3 0.000000
14 3 3 0.000000
14 4 3 0.000000
14 5 3 0.000000
14 6 3 0.000000
14 7 3 0.000000
14 8 3 0.000000
14 9 3 0.000000
14 10 3 0.177056
14 11 3 0.000000
14 12 3 0.000000
14 13 3 0.000000
14 14 3 0.000000
14 15 3 0.000000
14 16 3 0.049369
14 17 3 0.000000
14 18 3 0.000000
14 19 3 0.000000
14 20 3 0.000000
14 21 3 0.000000
14 22 3 0.000000
14 23 3 0.000000
14 24 3 0.000000
15 0 0 0.000000
15 1 0 0.000000
15 2 0 0.000000
15 3 0 0.000000
15 4 0 0.000000
15 5 0 0.000000
15 6 0 0.000000
15 7 0 0.000000
15 8 0 0.000000
15 9 0 0.000000
15 10 0 0.000000
15 11 0 0.000000
15 12 0 0.000000
15 13 0 0.000000
15 14 0 0.000000
15 15 0 0.000000
15 16 0 0.000000
15 17 0 0.153901
15 18 0 0.000000
15 19 0 0.000000
15 20 0 0.000000
15 21 0 0.000000
15 22 0 0.000000
15 23 0 0.110120
15 24 0 0.000000
15 0 1 0.000000
15 1 1 0.000000
15 2 1 0.000000
15 3 1 0.000000
15 4 1 0.000000
15 5 1 0.000000
15 6 1 0.000000
15 7 1 0.000000
15 8 1 0.000000
15 9 1 0.000000
15 10 1 0.000000
15 11 1 0.000000
15 12 1 0.000000
15 13 1 0.000000
15 14 1 0.008028
15 15 1 0.000000
15 16 1 0.000000
15 17 1 0.000000
15 18 1 0.000000
15 19 1 0.000000
15 20 1 0.000000
15 21 1 0.000000
15 22 1 0.000000
15 23 1 0.119382
15 24 1 0.000000
15 0 2 0.000000
15 1 2 0.000000
15 2 2 0.000000
15 3 2 0.000000
15 4 2 0.000000
15 5 2 0.000000
15 6 2 0.000000
15 7 2 0.000000
15 8 2 0.000000
15 9 2 0.000000
15 10 2 0.000000
15 11 2 0.000000
15 12 2 0.000000
15 13 2 0.048167
15 14 2 0.000000
15 15 2 0.000000
15 16 2 0.000000
15 17 2 0.000000
15 18 2 0.000000
15 19 2 0.000000
15 20 2 0.000000
15 21 2 0.000000
15 22 2 0.000000
15 23 2 0.000000
15 24 2 0.000000
15 0 3 0.266599
15 1 3 0.000000
15 2 3 0.000000
15 3 3 0.000000
15 4 3 0.000000
15 5 3 0.000000
15 6 3 0.000000
15 7 3 0.000000
15 8 3 0.000000
15 9 3 0.000000
15 10 3 0.000000
15 11 3 0.000000
15 12 3 0.000000
15 13 3 0.000000
15 14 3 0.000000
15 15 3 0.000000
15 16 3 0.000000
15 17 3 0.000000
15 18 3 0.000000
15 19 3 0.000000
15 20 3 0.000000
15 21 3 0.000000
15 22 3 0.000000
15 23 3 0.000000
15 24 3 0.000000
16 0 0 0.000000
16 1 0 0.000000
16 2 0 0.000000
16 3 0 0.000000
16 4 0 0.000000
16 5 0 0.003701
16 6 0 0.000000
16 7 0 0.000000
16 8 0 0.001446
16 9 0 0.000000
16 10 0 0.000000
16 11 0 0.000000
16 12 0 0.000000
16 13 0 0.011318
16 14 0 0.000000
16 15 0 0.000000
16 16 0 0.000000
16 17 0 0.000000
16 18 0 0.000000
16 19 0 0.000000
16 20 0 0.000000
16 21 0 0.008915
16 22 0 0.000000
16 23 0 0.000000
16 24 0 0.000000
16 0 1 0.000000
16 1 1 0.000000
16 2 1 0.006198
16 3 1 0.000000
16 4 1 0.000000
16 5 1 0.000000
16 6 1 0.000000
16 7 1 0.000000
16 8 1 0.000000
16 9 1 0.000000
16 10 1 0.000000
16 11 1 0.054497
16 12 1 0.000000
16 13 1 0.000000
16 14 1 0.000000
16 15 1 0.000000
16 16 1 0.000000
16 17 1 0.000000
16 18 1 0.000000
16 19 1 0.000000
16 20 1 0.000000
16 21 1 0.000000
16 22 1 0.000000
16 23 1 0.000000
16 24 1 0.000000
16 0 2 0.000000
16 1 2 0.000000
16 2 2 0.000000
16 3 2 0.000000
16 4 2 0.000000
16 5 2 0.000000
16 6 2 0.000000
16 7 2 0.000000
16 8 2 0.000000
16 9 2 0.000000
16 10 2 0.025249
16 11 2 0.000000
16 12 2 0.000000
16 13 2 0.000000
16 14 2 0.000000
16 15 2 0.000000
16 16 2 0.000000
16 17 2 0.000000
16 18 2 0.000580
16 19 2 0.000000
16 20 2 0.000000
16 21 2 0.007348
16 22 2 0.000000
16 23 2 0.000000
16 24 2 0.000000
16 0 3 0.000000
16 1 3 0.000000
16 2 3 0.000000
16 3 3 0.000000
16 4 3 0.000000
16 5 3 0.000000
16 6 3 0.000000
16 7 3 0.000000
16 8 3 0.000000
16 9 3 0.000000
16 10 3 0.000000
16 11 3 0.000000
16 12 3 0.000000
16 13 3 0.000000
16 14 3 0.000000
16 15 3 0.000000
16 16 3 0.000000
16 17 3 0.000000
16 18 3 0.000000
16 19 3 0.000000
16 20 3 0.000000
16 21 3 0.000000
16 22 3 0.000000
16 23 3 0.847494
16 24 3 0.000000
17 0 0 0.000000
17 1 0 0.000000
17 2 0 0.000000
17 3 0 0.000000
17 4 0 0.000000
17 5 0 0.000000
17 6 0 0.000000
17 7 0 0.000000
17 8 0 0.000000
17 9 0 0.000000
17 10 0 0.000000
17 11 0 0.444631
17 12 0 0.000000
17 13 0 0.000000
17 14 0 0.000000
17 15 0 0.000000
17 16 0 0.000000
17 17 0 0.000000
17 18 0 0.000000
17 19 0 0.000000
17 20 0 0.000000
17 21 0 0.000000
17 22 0 0.000000
17 23 0 0.000000
17 24 0 0.000000
17 0 1 0.000000
17 1 1 0.000000
17 2 1 0.000000
17 3 1 0.000000
17 4 1 0.000000
17 5 1 0.000000
17 6 1 0.000000
17 7 1 0.000000
17 8 1 0.000000
17 9 1 0.000000
17 10 1 0.000000
17 11 1 0.000000
17 12 1 0.000000
17 13 1 0.000000
17 14 1 0.000000
17 15 1 0.000000
17 16 1 0.000000
17 17 1 0.000000
17 18 1 0.000000
17 19 1 0.000000
17 20 1 0.000000
17 21 1 0.000000
17 22 1 0.000000
17 23 1 0.000000
17 24 1 0.000000
17 0 2 0.000000
17 1 2 0.000000
17 2 2 0.000000
17 3 2 0.000000
17 4 2 0.000000
17 5 2 0.000000
17 6 2 0.000000
17 7 2 0.000000
17 8 2 0.000000
17 9 2 0.000000
17 10 2 0.000000
17 11 2 0.000000
17 12 2 0.068537
17 13 2 0.000000
17 14 2 0.000000
17 15 2 0.000000
17 16 2 0.000000
17 17 2 0.000000
17 18 2 0.000000
17 19 2 0.000000
17 20 2 0.057643
17 21 2 0.000000
17 22 2 0.000000
17 23 2 0.000000
17 24 2 0.000000
17 0 3 0.000000
17 1 3 0.000000
17 2 3 0.000000
17 3 3 0.000000
17 4 3 0.000000
17 5 3 0.000000
17 6 3 0.000000
17 7 3 0.000000
17 8 3 0.000000
17 9 3 0.000000
17 10 3 0.042946
17 11 3 0.000000
17 12 3 0.000000
17 13 3 0.000000
17 14 3 0.111222
17 15 3 0.000000
17 16 3 0.000000
17 17 3 0.000000
17 18 3 0.000000
17 19 3 0.000000
17 20 3 0.000000
17 21 3 0.000000
17 22 3 0.000000
17 23 3 0.000000
17 24 3 0.000000
18 0 0 0.000000
18 1 0 0.000000
18 2 0 0.000000
18 3 0 0.000000
18 4 0 0.000000
18 5 0 0.094994
18 6 0 0.000000
18 7 0 0.000000
18 8 0 0.000000
18 9 0 0.000000
18 10 0 0.000000
18 11 0 0.000000
18 12 0 0.000000
18 13 0 0.000000
18 14 0 0.000000
18 15 0 0.000000
18 16 0 0.000000
18 17 0 0.000000
18 18 0 0.000000
18 19 0 0.000000
18 20 0 0.000000
18 21 0 0.000000
18 22 0 0.000000
18 23 0 0.000000
18 24 0 0.000000
18 0 1 0.000000
18 1 1 0.000000
18 2 1 0.000000
18 3 1 0.000000
18 4 1 0.000000
18 5 1 0.000000
18 6 1 0.000000
18 7 1 0.000000
18 8 1 0.000000
18 9 1 0.000000
18 10 1 0.000000
18 11 1 0.000000
18 12 1 0.026854
18 13 1 0.000000
18 14 1 0.000000
18 15 1 0.000000
18 16 1 0.000000
18 17 1 0.000000
18 18 1 0.000000
18 19 1 0.000000
18 20 1 0.000000
18 21 1 0.000000
18 22 1 0.000000
18 23 1 0.000000
18 24 1 0.003880
18 0 2 0.000000
18 1 2 0.000000
18 2 2 0.000000
18 3 2 0.000000
18 4 2 0.000000
18 5 2 0.000000
18 6 2 0.000000
18 7 2 0.030688
18 8 2 0.000000
18 9 2 0.000000
18 10 2 0.000000
18 11 2 0.000000
18 12 2 0.000000
18 13 2 0.000000
18 14 2 0.000000
18 15 2 0.000000
18 16 2 0.000000
18 17 2 0.000000
18 18 2 0.000000
18 19 2 0.000000
18 20 2 0.000000
18 21 2 0.000000
18 22 2 0.000000
18 23 2 0.000000
18 24 2 0.041431
18 0 3 0.000000
18 1 3 0.000000
18 2 3 0.000000
18 3 3 0.000000
18 4 3 0.000000
18 5 3 0.000000
18 6 3 0.000000
18 7 3 0.000000
18 8 3 0.000000
18 9 3 0.000000
18 10 3 0.000000
18 11 3 0.000000
18 12 3 0.000000
18 13 3 0.000000
18 14 3 0.000000
18 15 3 0.000000
18 16 3 0.296025
18 17 3 0.000000
18 18 3 0.000000
18 19 3 0.000000
18 20 3 0.000000
18 21 3 0.000000
18 22 3 0.000000
18 23 3 0.000000
18 24 3 0.506128
19 0 0 0.000000
19 1 0 0.000000
19 2 0 0.000000
19 3 0 0.000000
19 4 0 0.000000
19 5 0 0.000000
19 6 0 0.000000
19 7 0 0.000000
19 8 0 0.000000
19 9 0 0.000000
19 10 0 0.000000
19 11 0 0.000000
19 12 0 0.000000
19 13 0 0.000000
19 14 0 0.000000
19 15 0 0.000000
19 16 0 0.000000
19 17 0 0.000000
19 18 0 0.000000
19 19 0 0.000000
19 20 0 0.000000
19 21 0 0.000000
19 22 0 0.000000
19 23 0 0.000000
19 24 0 0.000000
19 0 1 0.000000
19 1 1 0.000000
19 2 1 0.000000
19 3 1 0.000000
19 4 1 0.000000
19 5 1 0.000000
19 6 1 0.000000
19 7 1 0.000000
19 8 1 0.043586
19 9 1 0.000000
19 10 1 0.000000
19 11 1 0.000000
19 12 1 0.000000
19 13 1 0.000000
19 14 1 0.000000
19 15 1 0.000000
19 16 1 0.000000
19 17 1 0.000000
19 18 1 0.000000
19 19 1 0.549976
19 20 1 0.000000
19 21 1 0.000000
19 22 1 0.000000
19 23 1 0.000000
19 24 1 0.000000
19 0 2 0.000000
19 1 2 0.000000
19 2 2 0.004297
19 3 2 0.000000
19 4 2 0.000000
19 5 2 0.000000
19 6 2 0.001516
19 7 2 0.000000
19 8 2 0.000000
19 9 2 0.000000
19 10 2 0.000000
19 11 2 0.000000
19 12 2 0.000000
19 13 2 0.003112
19 14 2 0.000000
19 15 2 0.000000
19 16 2 0.000000
19 17 2 0.000000
19 18 2 0.000000
19 19 2 0.000000
19 20 2 0.000000
19 21 2 0.000000
19 22 2 0.000000
19 23 2 0.000000
19 24 2 0.000000
19 0 3 0.000000
19 1 3 0.000000
19 2 3 0.000000
19 3 3 0.000000
19 4 3 0.000000
19 5 3 0.000000
19 6 3 0.000000
19 7 3 0.000000
19 8 3 0.000000
19 9 3 0.000000
19 10 3 0.000000
19 11 3 0.000000
19 12 3 0.045758
19 13 3 0.000000
19 14 3 0.235032
19 15 3 0.000000
19 16 3 0.000000
19 17 3 0.000000
19 18 3 0.000000
19 19 3 0.000000
19 20 3 0.000000
19 21 3 0.000000
19 22 3 0.000000
19 23 3 0.000000
19 24 3 0.000000
20 0 0 0.000000
20 1 0 0.000000
20 2 0 0.000000
20 3 0 0.000000
20 4 0 0.000000
20 5 0 0.000000
20 6 0 0.000000
20 7 0 0.000000
20 8 0 0.000000
20 9 0 0.000000
20 10 0 0.000000
20 11 0 0.000000
20 12 0 0.000000
20 13 0 0.123666
20 14 0 0.000000
20 15 0 0.000000
20 16 0 0.356887
20 17 0 0.000000
20 18 0 0.000000
20 19 0 0.000000
20 20 0 0.000000
20 21 0 0.000000
20 22 0 0.000000
20 23 0 0.000000
20 24 0 0.205252
20 0 1 0.000000
20 1 1 0.000000
20 2 1 0.000000
20 3 1 0.000000
20 4 1 0.000000
20 5 1 0.000000
20 6 1 0.103929
20 7 1 0.000000
20 8 1 0.000000
20 9 1 0.000000
20 10 1 0.000000
20 11 1 0.000000
20 12 1 0.000000
20 13 1 0.000000
20 14 1 0.000000
20 15 1 0.000000
20 16 1 0.000000
20 17 1 0.000000
20 18 1 0.000000
20 19 1 0.000000
20 20 1 0.000000
20 21 1 0.000000
20 22 1 0.000000
20 23 1 0.000000
20 24 1 0.000000
20 0 2 0.000000
20 1 2 0.000000
20 2 2 0.000000
20 3 2 0.000000
20 4 2 0.000000
20 5 2 0.000000
20 6 2 0.000000
20 7 2 0.000000
20 8 2 0.000000
20 9 2 0.000000
20 10 2 0.000000
20 11 2 0.000000
20 12 2 0.000000
20 13 2 0.000000
20 14 2 0.000000
20 15 2 0.000000
20 16 2 0.000000
20 17 2 0.000000
20 18 2 0.000000
20 19 2 0.000000
20 20 2 0.000000
20 21 2 0.000000
20 22 2 0.000000
20 23 2 0.000000
20 24 2 0.000000
20 0 3 0.000000
20 1 3 0.000000
20 2 3 0.000000
20 3 3 0.122204
20 4 3 0.000000
20 5 3 0.000000
20 6 3 0.000000
20 7 3 0.000000
20 8 3 0.088062
20 9 3 0.000000
20 10 3 0.000000
20 11 3 0.000000
20 12 3 0.000000
20 13 3 0.000000
20 14 3 0.000000
20 15 3 0.000000
20 16 3 0.000000
20 17 3 0.000000
20 18 3 0.000000
20 19 3 0.000000
20 20 3 0.000000
20 21 3 0.000000
20 22 3 0.000000
20 23 3 0.000000
20 24 3 0.000000
21 0 0 0.000000
21 1 0 0.000000
21 2 0 0.000000
21 3 0 0.277140
21 4 0 0.000000
21 5 0 0.000000
21 6 0 0.000000
21 7 0 0.000000
21 8 0 0.000000
21 9 0 0.000000
21 10 0 0.000000
21 11 0 0.000000
21 12 0 0.000000
21 13 0 0.000000
21 14 0 0.000000
21 15 0 0.000000
21 16 0 0.000000
21 17 0 0.000000
21 18 0 0.000000
21 19 0 0.000000
21 20 0 0.000000
21 21 0 0.023348
21 22 0 0.000000
21 23 0 0.000000
21 24 0 0.000000
21 0 1 0.000000
21 1 1 0.000000
21 2 1 0.000000
21 3 1 0.000000
21 4 1 0.000000
21 5 1 0.000000
21 6 1 0.000000
21 7 1 0.000000
21 8 1 0.000000
21 9 1 0.000000
21 10 1 0.000000
21 11 1 0.000000
21 12 1 0.000000
21 13 1 0.000000
21 14 1 0.000000
21 15 1 0.000000
21 16 1 0.000000
21 17 1 0.000000
21 18 1 0.000000
21 19 1 0.000000
21 20 1 0.000000
21 21 1 0.000000
21 22 1 0.000000
21 23 1 0.000000
21 24 1 0.000000
21 0 2 0.000000
21 1 2 0.000000
21 2 2 0.360003
21 3 2 0.000000
21 4 2 0.000000
21 5 2 0.000000
21 6 2 0.166546
21 7 2 0.000000
21 8 2 0.000000
21 9 2 0.000000
21 10 2 0.000000
21 11 2 0.000000
21 12 2 0.000000
21 13 2 0.000000
21 14 2 0.000000
21 15 2 0.000000
21 16 2 0.000000
21 17 2 0.000000
21 18 2 0.000000
21 19 2 0.000000
21 20 2 0.000000
21 21 2 0.000000
21 22 2 0.172963
21 23 2 0.000000
21 24 2 0.000000
21 0 3 0.000000
21 1 3 0.000000
21 2 3 0.000000
21 3 3 0.000000
21 4 3 0.000000
21 5 3 0.000000
21 6 3 0.000000
21 7 3 0.000000
21 8 3 0.000000
21 9 3 0.000000
21 10 3 0.000000
21 11 3 0.000000
21 12 3 0.000000
21 13 3 0.000000
21 14 3 0.000000
21 15 3 0.000000
21 16 3 0.000000
21 17 3 0.000000
21 18 3 0.000000
21 19 3 0.000000
21 20 3 0.000000
21 21 3 0.000000
21 22 3 0.000000
21 23 3 0.000000
21 24 3 0.000000
22 0 0 0.000000
22 1 0 0.000000
22 2 0 0.000000
22 3 0 0.000000
22 4 0 0.000000
22 5 0 0.000000
22 6 0 0.673119
22 7 0 0.000000
22 8 0 0.000000
22 9 0 0.000000
22 10 0 0.000000
22 11 0 0.000000
22 12 0 0.000000
22 13 0 0.000000
22 14 0 0.000000
22 15 0 0.000000
22 16 0 0.000000
22 17 0 0.000000
22 18 0 0.000000
22 19 0 0.000000
22 20 0 0.000000
22 21 0 0.000000
22 22 0 0.050925
22 23 0 0.000000
22 24 0 0.000000
22 0 1 0.000000
22 1 1 0.000000
22 2 1 0.000000
22 3 1 0.000000
22 4 1 0.000000
22 5 1 0.000000
22 6 1 0.000000
22 7 1 0.000000
22 8 1 0.000000
22 9 1 0.000000
22 10 1 0.000000
22 11 1 0.016302
22 12 1 0.000000
22 13 1 0.000520
22 14 1 0.000000
22 15 1 0.000000
22 16 1 0.000000
22 17 1 0.000000
22 18 1 0.000000
22 19 1 0.000000
22 20 1 0.000000
22 21 1 0.000000
22 22 1 0.000000
22 23 1 0.000000
22 24 1 0.000000
22 0 2 0.000000
22 1 2 0.000000
22 2 2 0.000000
22 3 2 0.000000
22 4 2 0.000000
22 5 2 0.000000
22 6 2 0.000000
22 7 2 0.000000
22 8 2 0.000000
22 9 2 0.000000
22 10 2 0.000000
22 11 2 0.000000
22 12 2 0.000000
22 13 2 0.000000
22 14 2 0.000000
22 15 2 0.031790
22 16 2 0.000000
22 17 2 0.014716
22 18 2 0.000000
22 19 2 0.000000
22 20 2 0.000000
22 21 2 0.000000
22 22 2 0.000000
22 23 2 0.007944
22 24 2 0.000000
22 0 3 0.000000
22 1 3 0.000000
22 2 3 0.000000
22 3 3 0.000000
22 4 3 0.000000
22 5 3 0.000000
22 6 3 0.000000
22 7 3 0.000000
22 8 3 0.000000
22 9 3 0.000000
22 10 3 0.000000
22 11 3 0.000000
22 12 3 0.000000
22 13 3 0.000000
22 14 3 0.000000
22 15 3 0.000000
22 16 3 0.000000
22 17 3 0.000000
22 18 3 0.000000
22 19 3 0.000000
22 20 3 0.000000
22 21 3 0.000000
22 22 3 0.000000
22 23 3 0.062390
22 24 3 0.000000
23 0 0 0.162125
23 1 0 0.000000
23 2 0 0.000000
23 3 0 0.268430
23 4 0 0.000000
23 5 0 0.000000
23 6 0 0.000000
23 7 0 0.000000
23 8 0 0.000000
23 9 0 0.000000
23 10 0 0.000000
23 11 0 0.000000
23 12 0 0.000000
23 13 0 0.000000
23 14 0 0.000000
23 15 0 0.000000
23 16 0 0.000000
23 17 0 0.000000
23 18 0 0.000000
23 19 0 0.000000
23 20 0 0.000000
23 21 0 0.000000
23 22 0 0.000000
23 23 0 0.000000
23 24 0 0.000000
23 0 1 0.000000
23 1 1 0.000000
23 2 1 0.000000
23 3 1 0.000000
23 4 1 0.000000
23 5 1 0.000000
23 6 1 0.000000
23 7 1 0.000000
23 8 1 0.000000
23 9 1 0.000000
23 10 1 0.000000
23 11 1 0.000000
23 12 1 0.000000
23 13 1 0.000000
23 14 1 0.000000
23 15 1 0.000000
23 16 1 0.000000
23 17 1 0.000000
23 18 1 0.000000
23 19 1 0.000000
23 20 1 0.000000
23 21 1 0.250261
23 22 1 0.000000
23 23 1 0.000000
23 24 1 0.089436
23 0 2 0.000000
23 1 2 0.000000
23 2 2 0.000000
23 3 2 0.000000
23 4 2 0.000000
23 5 2 0.000000
23 6 2 0.000000
23 7 2 0.000000
23 8 2 0.000000
23 9 2 0.000000
23 10 2 0.000000
23 11 2 0.000000
23 12 2 0.000000
23 13 2 0.000000
23 14 2 0.000000
23 15 2 0.000000
23 16 2 0.000000
23 17 2 0.000000
23 18 2 0.000000
23 19 2 0.000000
23 20 2 0.000000
23 21 2 0.000000
23 22 2 0.000000
23 23 2 0.000000
23 24 2 0.000000
23 0 3 0.000000
23 1 3 0.000000
23 2 3 0.000000
23 3 3 0.000000
23 4 3 0.000000
23 5 3 0.000000
23 6 3 0.000000
23 7 3 0.000000
23 8 3 0.000000
23 9 3 0.000000
23 10 3 0.000000
23 11 3 0.000000
23 12 3 0.000000
23 13 3 0.000000
23 14 3 0.000000
23 15 3 0.000000
23 16 3 0.000000
23 17 3 0.000000
23 18 3 0.000000
23 19 3 0.000000
23 20 3 0.000000
23 21 3 0.000000
23 22 3 0.000000
23 23 3 0.000000
23 24 3 0.000000
24 0 0 0.000000
24 1 0 0.000000
24 2 0 0.000000
24 3 0 0.000000
24 4 0 0.000000
24 5 0 0.000000
24 6 0 0.000000
24 7 0 0.000000
24 8 0 0.000000
24 9 0 0.000000
24 10 0 0.000000
24 11 0 0.000000
24 12 0 0.000000
24 13 0 0.000000
24 14 0 0.000000
24 15 0 0.000000
24 16 0 0.000000
24 17 0 0.000000
24 18 0 0.000000
24 19 0 0.000000
24 20 0 0.000000
24 21 0 0.000000
24 22 0 0.000000
24 23 0 0.000000
24 24 0 0.000000
24 0 1 0.000000
24 1 1 0.000000
24 2 1 0.000000
24 3 1 0.000000
24 4 1 0.000000
24 5 1 0.000000
24 6 1 0.000000
24 7 1 0.000000
24 8 1 0.000000
24 9 1 0.000000
24 10 1 0.000000
24 11 1 0.000000
24 12 1 0.000000
24 13 1 0.000000
24 14 1 0.000000
24 15 1 0.000000
24 16 1 0.000000
24 17 1 0.000000
24 18 1 0.000000
24 19 1 0.000000
24 20 1 0.000000
24 21 1 0.000000
24 22 1 0.000000
24 23 1 0.000000
24 24 1 0.000000
24 0 2 0.000000
24 1 2 0.000000
24 2 2 0.000000
24 3 2 0.000000
24 4 2 0.000000
24 5 2 0.000000
24 6 2 0.000000
24 7 2 0.000000
24 8 2 0.000000
24 9 2 0.000000
24 10 2 0.000000
24 11 2 0.000000
24 12 2 0.000000
24 13 2 0.000000
24 14 2 0.000000
24 15 2 0.000000
24 16 2 0.000000
24 17 2 0.000000
24 18 2 0.000000
24 19 2 0.000000
24 20 2 0.000000
24 21 2 0.000000
24 22 2 0.000000
24 23 2 0.000000
24 24 2 0.000000
24 0 3 0.240102
24 1 3 0.000000
24 2 3 0.000000
24 3 3 0.000000
24 4 3 0.000000
24 5 3 0.000000
24 6 3 0.293312
24 7 3 0.000000
24 8 3 0.000000
24 9 3 0.000000
24 10 3 0.000000
24 11 3 0.000000
24 12 3 0.000000
24 13 3 0.000000
24 14 3 0.000000
24 15 3 0.000000
24 16 3 0.000000
24 17 3 0.000000
24 18 3 0.000000
24 19 3 0.000000
24 20 3 0.466586
24 21 3 0.000000
24 22 3 0.000000
24 23 3 0.000000
24 24 3 0.000000
0 0.250460
1 0.024051
2 0.030827
3 0.070854
4 0.404308
5 0.180836
6 0.000000
7 0.493702
8 0.036041
9 0.325941
10 0.297395
11 0.349106
12 0.000000
13 0.132055
14 0.251043
15 0.293802
16 0.033253
17 0.275022
18 0.000000
19 0.116722
20 0.000000
21 0.000000
22 0.142295
23 0.229749
24 0.000000
