6 12
0 0.000000
1 1.000000
2 0.000000
3 0.000000
4 0.000000
5 0.000000
0 0 0 0.000000
0 1 0 0.000000
0 2 0 0.000000
0 3 0 0.000000
0 4 0 0.000000
0 5 0 0.000000
0 0 1 0.000000
0 1 1 0.000000
0 2 1 0.000000
0 3 1 0.000000
0 4 1 0.000000
0 5 1 0.000000
0 0 2 0.249168
0 1 2 0.000000
0 2 2 0.000000
0 3 2 0.000000
0 4 2 0.000000
0 5 2 0.000000
0 0 3 0.000000
0 1 3 0.000000
0 2 3 0.000000
0 3 3 0.000000
0 4 3 0.000000
0 5 3 0.000000
0 0 4 0.000000
0 1 4 0.000000
0 2 4 0.000000
0 3 4 0.000000
0 4 4 0.000000
0 5 4 0.000000
0 0 5 0.000000
0 1 5 0.000000
0 2 5 0.000000
0 3 5 0.000000
0 4 5 0.000000
0 5 5 0.000000
0 0 6 0.000000
0 1 6 0.000000
0 2 6 0.000000
0 3 6 0.000000
0 4 6 0.000000
0 5 6 0.000000
0 0 7 0.000000
0 1 7 0.068863
0 2 7 0.000000
0 3 7 0.000000
0 4 7 0.000000
0 5 7 0.000000
0 0 8 0.000000
0 1 8 0.000000
0 2 8 0.000000
0 3 8 0.000000
0 4 8 0.000000
0 5 8 0.000000
0 0 9 0.043232
0 1 9 0.000000
0 2 9 0.000000
0 3 9 0.000000
0 4 9 0.044623
0 5 9 0.000000
0 0 10 0.000000
0 1 10 0.594113
0 2 10 0.000000
0 3 10 0.000000
0 4 10 0.000000
0 5 10 0.000000
0 0 11 0.000000
0 1 11 0.000000
0 2 11 0.000000
0 3 11 0.000000
0 4 11 0.000000
0 5 11 0.000000
1 0 0 0.000000
1 1 0 0.000000
1 2 0 0.000000
1 3 0 0.000000
1 4 0 0.000000
1 5 0 0.000000
1 0 1 0.000000
1 1 1 0.000000
1 2 1 0.000000
1 3 1 0.000000
1 4 1 0.000000
1 5 1 0.000000
1 0 2 0.000000
1 1 2 0.000000
1 2 2 0.000000
1 3 2 0.000000
1 4 2 0.000000
1 5 2 0.000000
1 0 3 0.000000
1 1 3 0.000000
1 2 3 0.115419
1 3 3 0.000000
1 4 3 0.000000
1 5 3 0.000000
1 0 4 0.000000
1 1 4 0.000000
1 2 4 0.000000
1 3 4 0.000000
1 4 4 0.000000
1 5 4 0.000000
1 0 5 0.000000
1 1 5 0.000000
1 2 5 0.000000
1 3 5 0.000000
1 4 5 0.000000
1 5 5 0.000000
1 0 6 0.321714
1 1 6 0.000000
1 2 6 0.000000
1 3 6 0.000000
1 4 6 0.000000
1 5 6 0.000000
1 0 7 0.000000
1 1 7 0.000000
1 2 7 0.000000
1 3 7 0.000000
1 4 7 0.000000
1 5 7 0.000000
1 0 8 0.000000
1 1 8 0.000000
1 2 8 0.000000
1 3 8 0.000000
1 4 8 0.000000
1 5 8 0.000000
1 0 9 0.000000
1 1 9 0.000000
1 2 9 0.000000
1 3 9 0.000000
1 4 9 0.000000
1 5 9 0.000000
1 0 10 0.078721
1 1 10 0.000000
1 2 10 0.000000
1 3 10 0.000000
1 4 10 0.000000
1 5 10 0.000000
1 0 11 0.000000
1 1 11 0.000000
1 2 11 0.000000
1 3 11 0.193946
1 4 11 0.000000
1 5 11 0.000000
2 0 0 0.000000
2 1 0 0.008859
2 2 0 0.000000
2 3 0 0.000000
2 4 0 0.000000
2 5 0 0.000000
2 0 1 0.000000
2 1 1 0.000000
2 2 1 0.000000
2 3 1 0.000000
2 4 1 0.000000
2 5 1 0.000000
2 0 2 0.000000
2 1 2 0.000000
2 2 2 0.000000
2 3 2 0.000000
2 4 2 0.000000
2 5 2 0.000000
2 0 3 0.000000
2 1 3 0.000000
2 2 3 0.000000
2 3 3 0.000000
2 4 3 0.196312
2 5 3 0.000000
2 0 4 0.000000
2 1 4 0.000000
2 2 4 0.000000
2 3 4 0.000000
2 4 4 0.000000
2 5 4 0.000000
2 0 5 0.000000
2 1 5 0.000000
2 2 5 0.000000
2 3 5 0.000000
2 4 5 0.000000
2 5 5 0.014253
2 0 6 0.000000
2 1 6 0.000000
2 2 6 0.000000
2 3 6 0.000000
2 4 6 0.000000
2 5 6 0.123775
2 0 7 0.000000
2 1 7 0.000000
2 2 7 0.000000
2 3 7 0.000000
2 4 7 0.000000
2 5 7 0.000000
2 0 8 0.000000
2 1 8 0.000000
2 2 8 0.000000
2 3 8 0.000000
2 4 8 0.000000
2 5 8 0.000000
2 0 9 0.000000
2 1 9 0.000000
2 2 9 0.000000
2 3 9 0.000000
2 4 9 0.000000
2 5 9 0.405797
2 0 10 0.000000
2 1 10 0.000000
2 2 10 0.085830
2 3 10 0.000000
2 4 10 0.000000
2 5 10 0.000000
2 0 11 0.000000
2 1 11 0.000000
2 2 11 0.165174
2 3 11 0.000000
2 4 11 0.000000
2 5 11 0.000000
3 0 0 0.000000
3 1 0 0.000000
3 2 0 0.000000
3 3 0 0.000000
3 4 0 0.000000
3 5 0 0.155036
3 0 1 0.000000
3 1 1 0.000000
3 2 1 0.000000
3 3 1 0.000000
3 4 1 0.000000
3 5 1 0.000000
3 0 2 0.000000
3 1 2 0.000000
3 2 2 0.000000
3 3 2 0.000000
3 4 2 0.000000
3 5 2 0.000000
3 0 3 0.051374
3 1 3 0.000000
3 2 3 0.000000
3 3 3 0.040017
3 4 3 0.000000
3 5 3 0.000000
3 0 4 0.070097
3 1 4 0.000000
3 2 4 0.000000
3 3 4 0.000000
3 4 4 0.000000
3 5 4 0.000000
3 0 5 0.000000
3 1 5 0.135322
3 2 5 0.000000
3 3 5 0.000000
3 4 5 0.000000
3 5 5 0.000000
3 0 6 0.000000
3 1 6 0.000000
3 2 6 0.000000
3 3 6 0.000000
3 4 6 0.000000
3 5 6 0.000000
3 0 7 0.000000
3 1 7 0.000000
3 2 7 0.000000
3 3 7 0.068422
3 4 7 0.000000
3 5 7 0.000000
3 0 8 0.000000
3 1 8 0.000000
3 2 8 0.000000
3 3 8 0.000000
3 4 8 0.000000
3 5 8 0.000000
3 0 9 0.000000
3 1 9 0.000000
3 2 9 0.000000
3 3 9 0.000000
3 4 9 0.000000
3 5 9 0.000000
3 0 10 0.000000
3 1 10 0.153403
3 2 10 0.000000
3 3 10 0.000000
3 4 10 0.000000
3 5 10 0.000000
3 0 11 0.000000
3 1 11 0.000000
3 2 11 0.326330
3 3 11 0.000000
3 4 11 0.000000
3 5 11 0.000000
4 0 0 0.000000
4 1 0 0.000000
4 2 0 0.000000
4 3 0 0.050780
4 4 0 0.000000
4 5 0 0.000000
4 0 1 0.000000
4 1 1 0.115491
4 2 1 0.000000
4 3 1 0.000000
4 4 1 0.000000
4 5 1 0.000000
4 0 2 0.000000
4 1 2 0.000000
4 2 2 0.000000
4 3 2 0.000000
4 4 2 0.000000
4 5 2 0.000000
4 0 3 0.000000
4 1 3 0.000000
4 2 3 0.000000
4 3 3 0.608459
4 4 3 0.000000
4 5 3 0.000000
4 0 4 0.000000
4 1 4 0.000000
4 2 4 0.000000
4 3 4 0.000000
4 4 4 0.143627
4 5 4 0.000000
4 0 5 0.000000
4 1 5 0.000000
4 2 5 0.000000
4 3 5 0.000000
4 4 5 0.000000
4 5 5 0.000000
4 0 6 0.000000
4 1 6 0.000000
4 2 6 0.000000
4 3 6 0.000000
4 4 6 0.000000
4 5 6 0.000000
4 0 7 0.000000
4 1 7 0.000000
4 2 7 0.000000
4 3 7 0.008722
4 4 7 0.000000
4 5 7 0.000000
4 0 8 0.000000
4 1 8 0.000000
4 2 8 0.000000
4 3 8 0.000000
4 4 8 0.000000
4 5 8 0.000000
4 0 9 0.000000
4 1 9 0.000000
4 2 9 0.000000
4 3 9 0.000000
4 4 9 0.000000
4 5 9 0.000000
4 0 10 0.000000
4 1 10 0.000000
4 2 10 0.000000
4 3 10 0.000000
4 4 10 0.072920
4 5 10 0.000000
4 0 11 0.000000
4 1 11 0.000000
4 2 11 0.000000
4 3 11 0.000000
4 4 11 0.000000
4 5 11 0.000000
5 0 0 0.000000
5 1 0 0.000000
5 2 0 0.000000
5 3 0 0.000000
5 4 0 0.000000
5 5 0 0.000000
5 0 1 0.000000
5 1 1 0.000000
5 2 1 0.000000
5 3 1 0.252335
5 4 1 0.000000
5 5 1 0.000000
5 0 2 0.033345
5 1 2 0.000000
5 2 2 0.000000
5 3 2 0.000000
5 4 2 0.032992
5 5 2 0.000000
5 0 3 0.000000
5 1 3 0.008143
5 2 3 0.000000
5 3 3 0.000000
5 4 3 0.000000
5 5 3 0.000000
5 0 4 0.012486
5 1 4 0.000000
5 2 4 0.000000
5 3 4 0.000000
5 4 4 0.000000
5 5 4 0.000000
5 0 5 0.000000
5 1 5 0.000000
5 2 5 0.000000
5 3 5 0.000000
5 4 5 0.000000
5 5 5 0.000000
5 0 6 0.000000
5 1 6 0.000000
5 2 6 0.000000
5 3 6 0.000000
5 4 6 0.000000
5 5 6 0.000000
5 0 7 0.000000
5 1 7 0.000000
5 2 7 0.000000
5 3 7 0.160895
5 4 7 0.000000
5 5 7 0.000000
5 0 8 0.104619
5 1 8 0.000000
5 2 8 0.000000
5 3 8 0.000000
5 4 8 0.000000
5 5 8 0.000000
5 0 9 0.000000
5 1 9 0.255989
5 2 9 0.000000
5 3 9 0.000000
5 4 9 0.000000
5 5 9 0.000000
5 0 10 0.000000
5 1 10 0.000000
5 2 10 0.000000
5 3 10 0.000000
5 4 10 0.000000
5 5 10 0.000000
5 0 11 0.000000
5 1 11 0.000000
5 2 11 0.000000
5 3 11 0.000000
5 4 11 0.000000
5 5 11 0.000000
0 0.000000
1 0.290200
2 0.000000
3 0.000000
4 0.000000
5 0.139196
