12 4
0 0.000000
1 0.000000
2 0.000000
3 0.000000
4 0.000000
5 0.000000
6 0.000000
7 0.000000
8 0.000000
9 0.000000
10 0.000000
11 1.000000
0 0 0 0.000000
0 1 0 0.000000
0 2 0 0.000000
0 3 0 0.000000
0 4 0 0.000000
0 5 0 0.000000
0 6 0 0.000000
0 7 0 0.000000
0 8 0 0.000000
0 9 0 0.000000
0 10 0 0.000000
0 11 0 0.000000
0 0 1 0.000000
0 1 1 0.000000
0 2 1 0.000000
0 3 1 0.000000
0 4 1 0.000000
0 5 1 0.000000
0 6 1 0.000000
0 7 1 0.000000
0 8 1 0.000000
0 9 1 0.000000
0 10 1 0.000000
0 11 1 0.000000
0 0 2 0.000000
0 1 2 0.000000
0 2 2 0.000000
0 3 2 0.000000
0 4 2 0.000000
0 5 2 0.000000
0 6 2 0.000000
0 7 2 0.000000
0 8 2 0.000000
0 9 2 0.000000
0 10 2 0.000000
0 11 2 0.000000
0 0 3 0.000000
0 1 3 0.000000
0 2 3 0.000000
0 3 3 1.000000
0 4 3 0.000000
0 5 3 0.000000
0 6 3 0.000000
0 7 3 0.000000
0 8 3 0.000000
0 9 3 0.000000
0 10 3 0.000000
0 11 3 0.000000
1 0 0 0.000000
1 1 0 0.000000
1 2 0 0.000000
1 3 0 0.000000
1 4 0 0.000000
1 5 0 0.000000
1 6 0 0.000000
1 7 0 0.000000
1 8 0 0.447572
1 9 0 0.221469
1 10 0 0.000000
1 11 0 0.000000
1 0 1 0.000000
1 1 1 0.000000
1 2 1 0.000000
1 3 1 0.000000
1 4 1 0.000000
1 5 1 0.000000
1 6 1 0.000000
1 7 1 0.000000
1 8 1 0.000000
1 9 1 0.000000
1 10 1 0.000000
1 11 1 0.000000
1 0 2 0.000000
1 1 2 0.000000
1 2 2 0.000000
1 3 2 0.002820
1 4 2 0.000000
1 5 2 0.000000
1 6 2 0.000000
1 7 2 0.006768
1 8 2 0.002936
1 9 2 0.000000
1 10 2 0.000000
1 11 2 0.014966
1 0 3 0.000000
1 1 3 0.000000
1 2 3 0.000000
1 3 3 0.000000
1 4 3 0.000000
1 5 3 0.000000
1 6 3 0.000000
1 7 3 0.000000
1 8 3 0.000000
1 9 3 0.000000
1 10 3 0.000000
1 11 3 0.000000
2 0 0 0.000000
2 1 0 0.000000
2 2 0 0.000000
2 3 0 0.000000
2 4 0 0.000000
2 5 0 0.000000
2 6 0 0.000000
2 7 0 0.000000
2 8 0 0.000000
2 9 0 0.000000
2 10 0 0.000000
2 11 0 0.000000
2 0 1 0.000000
2 1 1 0.000000
2 2 1 0.000000
2 3 1 0.000000
2 4 1 0.000000
2 5 1 0.000000
2 6 1 0.000000
2 7 1 0.000000
2 8 1 0.000000
2 9 1 0.000000
2 10 1 0.000000
2 11 1 0.000000
2 0 2 0.000000
2 1 2 0.000000
2 2 2 0.000000
2 3 2 0.000000
2 4 2 0.000000
2 5 2 0.000000
2 6 2 0.000000
2 7 2 0.000000
2 8 2 0.000000
2 9 2 0.000000
2 10 2 0.000000
2 11 2 0.000000
2 0 3 0.000000
2 1 3 0.000000
2 2 3 0.734216
2 3 3 0.000000
2 4 3 0.000000
2 5 3 0.000000
2 6 3 0.000000
2 7 3 0.000000
2 8 3 0.265784
2 9 3 0.000000
2 10 3 0.000000
2 11 3 0.000000
3 0 0 0.215668
3 1 0 0.000000
3 2 0 0.000000
3 3 0 0.000000
3 4 0 0.000000
3 5 0 0.000000
3 6 0 0.000000
3 7 0 0.000000
3 8 0 0.000000
3 9 0 0.000000
3 10 0 0.000000
3 11 0 0.000000
3 0 1 0.000000
3 1 1 0.000000
3 2 1 0.000000
3 3 1 0.000000
3 4 1 0.000000
3 5 1 0.000000
3 6 1 0.000000
3 7 1 0.000000
3 8 1 0.000000
3 9 1 0.000000
3 10 1 0.000000
3 11 1 0.000000
3 0 2 0.000000
3 1 2 0.000000
3 2 2 0.457092
3 3 2 0.000000
3 4 2 0.000000
3 5 2 0.000000
3 6 2 0.000000
3 7 2 0.000000
3 8 2 0.238725
3 9 2 0.000000
3 10 2 0.000000
3 11 2 0.000000
3 0 3 0.000000
3 1 3 0.000000
3 2 3 0.000000
3 3 3 0.000000
3 4 3 0.000000
3 5 3 0.000000
3 6 3 0.000000
3 7 3 0.000000
3 8 3 0.000000
3 9 3 0.000000
3 10 3 0.000000
3 11 3 0.000000
4 0 0 0.000000
4 1 0 0.000000
4 2 0 0.000000
4 3 0 0.000000
4 4 0 0.000000
4 5 0 0.000000
4 6 0 0.000000
4 7 0 0.000000
4 8 0 0.000000
4 9 0 0.000000
4 10 0 0.000000
4 11 0 0.000000
4 0 1 0.000000
4 1 1 0.000000
4 2 1 0.000000
4 3 1 0.000000
4 4 1 0.000000
4 5 1 0.000000
4 6 1 0.000000
4 7 1 0.000000
4 8 1 0.000000
4 9 1 0.000000
4 10 1 0.000000
4 11 1 0.000000
4 0 2 0.000000
4 1 2 0.000000
4 2 2 0.000000
4 3 2 0.000000
4 4 2 0.000000
4 5 2 0.000000
4 6 2 0.000000
4 7 2 0.000000
4 8 2 0.000000
4 9 2 0.000000
4 10 2 0.000000
4 11 2 0.000000
4 0 3 0.000000
4 1 3 0.000000
4 2 3 0.005207
4 3 3 0.000000
4 4 3 0.000000
4 5 3 0.000000
4 6 3 0.000000
4 7 3 0.000000
4 8 3 0.000000
4 9 3 0.000754
4 10 3 0.000000
4 11 3 0.000000
5 0 0 0.000000
5 1 0 0.000000
5 2 0 0.000000
5 3 0 0.000000
5 4 0 0.000000
5 5 0 0.000000
5 6 0 0.000000
5 7 0 0.187520
5 8 0 0.000000
5 9 0 0.000000
5 10 0 0.000000
5 11 0 0.000000
5 0 1 0.000000
5 1 1 0.000000
5 2 1 0.000000
5 3 1 0.000000
5 4 1 0.000000
5 5 1 0.000000
5 6 1 0.000000
5 7 1 0.000000
5 8 1 0.000000
5 9 1 0.000000
5 10 1 0.000000
5 11 1 0.000000
5 0 2 0.000000
5 1 2 0.000000
5 2 2 0.000000
5 3 2 0.000000
5 4 2 0.000000
5 5 2 0.000000
5 6 2 0.000000
5 7 2 0.000000
5 8 2 0.000000
5 9 2 0.000000
5 10 2 0.000000
5 11 2 0.000000
5 0 3 0.000000
5 1 3 0.000000
5 2 3 0.000000
5 3 3 0.000000
5 4 3 0.000000
5 5 3 0.000000
5 6 3 0.000000
5 7 3 0.000000
5 8 3 0.000000
5 9 3 0.000000
5 10 3 0.000000
5 11 3 0.000000
6 0 0 0.000000
6 1 0 0.000000
6 2 0 0.000000
6 3 0 0.000000
6 4 0 0.000000
6 5 0 0.000000
6 6 0 0.000000
6 7 0 0.000000
6 8 0 0.000000
6 9 0 0.000000
6 10 0 0.000000
6 11 0 0.000000
6 0 1 0.000000
6 1 1 0.000000
6 2 1 0.000000
6 3 1 0.000000
6 4 1 0.000000
6 5 1 0.000000
6 6 1 0.000000
6 7 1 0.478737
6 8 1 0.000000
6 9 1 0.000000
6 10 1 0.000000
6 11 1 0.000000
6 0 2 0.000000
6 1 2 0.000000
6 2 2 0.000000
6 3 2 0.000000
6 4 2 0.000000
6 5 2 0.000000
6 6 2 0.000000
6 7 2 0.000000
6 8 2 0.000000
6 9 2 0.000000
6 10 2 0.000000
6 11 2 0.000000
6 0 3 0.000000
6 1 3 0.000000
6 2 3 0.000000
6 3 3 0.000000
6 4 3 0.000000
6 5 3 0.000000
6 6 3 0.000000
6 7 3 0.000000
6 8 3 0.000000
6 9 3 0.000000
6 10 3 0.000000
6 11 3 0.000000
7 0 0 0.000000
7 1 0 0.000000
7 2 0 0.311144
7 3 0 0.000000
7 4 0 0.000000
7 5 0 0.000000
7 6 0 0.000000
7 7 0 0.000000
7 8 0 0.000000
7 9 0 0.000000
7 10 0 0.000000
7 11 0 0.000000
7 0 1 0.000000
7 1 1 0.000000
7 2 1 0.000000
7 3 1 0.000000
7 4 1 0.000000
7 5 1 0.536963
7 6 1 0.000000
7 7 1 0.000000
7 8 1 0.000000
7 9 1 0.000000
7 10 1 0.151893
7 11 1 0.000000
7 0 2 0.000000
7 1 2 0.000000
7 2 2 0.000000
7 3 2 0.000000
7 4 2 0.000000
7 5 2 0.000000
7 6 2 0.000000
7 7 2 0.000000
7 8 2 0.000000
7 9 2 0.000000
7 10 2 0.000000
7 11 2 0.000000
7 0 3 0.000000
7 1 3 0.000000
7 2 3 0.000000
7 3 3 0.000000
7 4 3 0.000000
7 5 3 0.000000
7 6 3 0.000000
7 7 3 0.000000
7 8 3 0.000000
7 9 3 0.000000
7 10 3 0.000000
7 11 3 0.000000
8 0 0 0.000000
8 1 0 0.000000
8 2 0 0.000000
8 3 0 0.000000
8 4 0 0.000000
8 5 0 0.000000
8 6 0 0.124315
8 7 0 0.010843
8 8 0 0.000000
8 9 0 0.000000
8 10 0 0.000000
8 11 0 0.000000
8 0 1 0.000000
8 1 1 0.000000
8 2 1 0.000000
8 3 1 0.000000
8 4 1 0.555006
8 5 1 0.000000
8 6 1 0.000000
8 7 1 0.000000
8 8 1 0.297043
8 9 1 0.000000
8 10 1 0.000000
8 11 1 0.000000
8 0 2 0.000000
8 1 2 0.000000
8 2 2 0.000000
8 3 2 0.000000
8 4 2 0.000000
8 5 2 0.000000
8 6 2 0.000000
8 7 2 0.000000
8 8 2 0.000000
8 9 2 0.000000
8 10 2 0.000000
8 11 2 0.000000
8 0 3 0.000000
8 1 3 0.000000
8 2 3 0.000000
8 3 3 0.000000
8 4 3 0.000000
8 5 3 0.000000
8 6 3 0.002154
8 7 3 0.001743
8 8 3 0.005390
8 9 3 0.003507
8 10 3 0.000000
8 11 3 0.000000
9 0 0 0.588766
9 1 0 0.000000
9 2 0 0.000000
9 3 0 0.000000
9 4 0 0.000000
9 5 0 0.000000
9 6 0 0.000000
9 7 0 0.000000
9 8 0 0.411234
9 9 0 0.000000
9 10 0 0.000000
9 11 0 0.000000
9 0 1 0.000000
9 1 1 0.000000
9 2 1 0.000000
9 3 1 0.000000
9 4 1 0.000000
9 5 1 0.000000
9 6 1 0.000000
9 7 1 0.000000
9 8 1 0.000000
9 9 1 0.000000
9 10 1 0.000000
9 11 1 0.000000
9 0 2 0.000000
9 1 2 0.000000
9 2 2 0.000000
9 3 2 0.000000
9 4 2 0.000000
9 5 2 0.000000
9 6 2 0.000000
9 7 2 0.000000
9 8 2 0.000000
9 9 2 0.000000
9 10 2 0.000000
9 11 2 0.000000
9 0 3 0.000000
9 1 3 0.000000
9 2 3 0.000000
9 3 3 0.000000
9 4 3 0.000000
9 5 3 0.000000
9 6 3 0.000000
9 7 3 0.000000
9 8 3 0.000000
9 9 3 0.000000
9 10 3 0.000000
9 11 3 0.000000
10 0 0 0.000000
10 1 0 0.000000
10 2 0 0.000000
10 3 0 0.000000
10 4 0 0.000000
10 5 0 0.000000
10 6 0 0.000000
10 7 0 0.000000
10 8 0 0.000000
10 9 0 0.000000
10 10 0 0.000000
10 11 0 0.222284
10 0 1 0.000000
10 1 1 0.000000
10 2 1 0.000000
10 3 1 0.000000
10 4 1 0.000000
10 5 1 0.000000
10 6 1 0.000000
10 7 1 0.000000
10 8 1 0.000000
10 9 1 0.000000
10 10 1 0.000000
10 11 1 0.000000
10 0 2 0.000000
10 1 2 0.000000
10 2 2 0.212195
10 3 2 0.000000
10 4 2 0.296823
10 5 2 0.000000
10 6 2 0.000000
10 7 2 0.000000
10 8 2 0.000000
10 9 2 0.000000
10 10 2 0.000000
10 11 2 0.000000
10 0 3 0.000000
10 1 3 0.000000
10 2 3 0.000000
10 3 3 0.000000
10 4 3 0.000000
10 5 3 0.000000
10 6 3 0.000000
10 7 3 0.000000
10 8 3 0.000000
10 9 3 0.000000
10 10 3 0.000000
10 11 3 0.268698
11 0 0 0.000000
11 1 0 0.000000
11 2 0 0.000000
11 3 0 0.000000
11 4 0 0.076584
11 5 0 0.000000
11 6 0 0.000000
11 7 0 0.000000
11 8 0 0.144051
11 9 0 0.263831
11 10 0 0.000000
11 11 0 0.000000
11 0 1 0.000000
11 1 1 0.000000
11 2 1 0.000000
11 3 1 0.000000
11 4 1 0.000000
11 5 1 0.000000
11 6 1 0.000000
11 7 1 0.182800
11 8 1 0.000000
11 9 1 0.000000
11 10 1 0.000000
11 11 1 0.000000
11 0 2 0.000000
11 1 2 0.000000
11 2 2 0.000000
11 3 2 0.000000
11 4 2 0.000000
11 5 2 0.000000
11 6 2 0.000000
11 7 2 0.000000
11 8 2 0.000000
11 9 2 0.000000
11 10 2 0.000000
11 11 2 0.332734
11 0 3 0.000000
11 1 3 0.000000
11 2 3 0.000000
11 3 3 0.000000
11 4 3 0.000000
11 5 3 0.000000
11 6 3 0.000000
11 7 3 0.000000
11 8 3 0.000000
11 9 3 0.000000
11 10 3 0.000000
11 11 3 0.000000
0 0.000000
1 0.303469
2 0.000000
3 0.088514
4 0.994039
5 0.812480
6 0.521263
7 0.000000
8 0.000000
9 0.000000
10 0.000000
11 0.000000
