6 9
0 0.000000
1 0.000000
2 1.000000
3 0.000000
4 0.000000
5 0.000000
0 0 0 0.000000
0 1 0 0.000000
0 2 0 0.000000
0 3 0 0.000000
0 4 0 0.000000
0 5 0 0.000000
0 0 1 0.000000
0 1 1 0.000000
0 2 1 0.304512
0 3 1 0.000000
0 4 1 0.000000
0 5 1 0.000000
0 0 2 0.135210
0 1 2 0.000000
0 2 2 0.000000
0 3 2 0.000000
0 4 2 0.000000
0 5 2 0.000000
0 0 3 0.000000
0 1 3 0.000000
0 2 3 0.051834
0 3 3 0.000000
0 4 3 0.000000
0 5 3 0.000000
0 0 4 0.000000
0 1 4 0.000000
0 2 4 0.000000
0 3 4 0.000000
0 4 4 0.000000
0 5 4 0.000000
0 0 5 0.000000
0 1 5 0.000000
0 2 5 0.000000
0 3 5 0.000000
0 4 5 0.000000
0 5 5 0.355284
0 0 6 0.000000
0 1 6 0.000000
0 2 6 0.000000
0 3 6 0.144730
0 4 6 0.000000
0 5 6 0.000000
0 0 7 0.000000
0 1 7 0.000000
0 2 7 0.000000
0 3 7 0.000000
0 4 7 0.000000
0 5 7 0.000000
0 0 8 0.000000
0 1 8 0.008430
0 2 8 0.000000
0 3 8 0.000000
0 4 8 0.000000
0 5 8 0.000000
1 0 0 0.212252
1 1 0 0.000000
1 2 0 0.000000
1 3 0 0.000000
1 4 0 0.000000
1 5 0 0.000000
1 0 1 0.000000
1 1 1 0.000000
1 2 1 0.000000
1 3 1 0.000000
1 4 1 0.000000
1 5 1 0.000000
1 0 2 0.000000
1 1 2 0.547759
1 2 2 0.000000
1 3 2 0.000000
1 4 2 0.000000
1 5 2 0.000000
1 0 3 0.000000
1 1 3 0.000000
1 2 3 0.000000
1 3 3 0.000000
1 4 3 0.000000
1 5 3 0.071325
1 0 4 0.000000
1 1 4 0.000000
1 2 4 0.000000
1 3 4 0.000000
1 4 4 0.000000
1 5 4 0.000000
1 0 5 0.000000
1 1 5 0.000000
1 2 5 0.000000
1 3 5 0.036988
1 4 5 0.000000
1 5 5 0.000000
1 0 6 0.000000
1 1 6 0.000000
1 2 6 0.000000
1 3 6 0.000000
1 4 6 0.000000
1 5 6 0.000000
1 0 7 0.000000
1 1 7 0.000000
1 2 7 0.000000
1 3 7 0.000000
1 4 7 0.000000
1 5 7 0.000000
1 0 8 0.000000
1 1 8 0.000000
1 2 8 0.131676
1 3 8 0.000000
1 4 8 0.000000
1 5 8 0.000000
2 0 0 0.000000
2 1 0 0.000000
2 2 0 0.000000
2 3 0 0.000000
2 4 0 0.000000
2 5 0 0.000000
2 0 1 0.075503
2 1 1 0.000000
2 2 1 0.000000
2 3 1 0.000000
2 4 1 0.000000
2 5 1 0.000000
2 0 2 0.000000
2 1 2 0.000000
2 2 2 0.149514
2 3 2 0.000000
2 4 2 0.000000
2 5 2 0.000000
2 0 3 0.000000
2 1 3 0.000000
2 2 3 0.000000
2 3 3 0.000000
2 4 3 0.000000
2 5 3 0.000000
2 0 4 0.000000
2 1 4 0.000000
2 2 4 0.000000
2 3 4 0.000000
2 4 4 0.000000
2 5 4 0.000000
2 0 5 0.000000
2 1 5 0.000000
2 2 5 0.000000
2 3 5 0.000000
2 4 5 0.000000
2 5 5 0.072845
2 0 6 0.000000
2 1 6 0.000000
2 2 6 0.000000
2 3 6 0.513911
2 4 6 0.000000
2 5 6 0.000000
2 0 7 0.000000
2 1 7 0.000000
2 2 7 0.000000
2 3 7 0.000000
2 4 7 0.000000
2 5 7 0.000000
2 0 8 0.000000
2 1 8 0.000000
2 2 8 0.000000
2 3 8 0.000000
2 4 8 0.000000
2 5 8 0.000000
3 0 0 0.000000
3 1 0 0.000000
3 2 0 0.000000
3 3 0 0.000000
3 4 0 0.000000
3 5 0 0.000000
3 0 1 0.000000
3 1 1 0.000000
3 2 1 0.000000
3 3 1 0.000000
3 4 1 0.000000
3 5 1 0.000000
3 0 2 0.000000
3 1 2 0.000000
3 2 2 0.000000
3 3 2 0.137979
3 4 2 0.000000
3 5 2 0.000000
3 0 3 0.000000
3 1 3 0.000000
3 2 3 0.000000
3 3 3 0.000000
3 4 3 0.000000
3 5 3 0.000000
3 0 4 0.000000
3 1 4 0.145004
3 2 4 0.000000
3 3 4 0.000000
3 4 4 0.000000
3 5 4 0.000000
3 0 5 0.000000
3 1 5 0.000000
3 2 5 0.000000
3 3 5 0.000000
3 4 5 0.000000
3 5 5 0.415669
3 0 6 0.000000
3 1 6 0.000000
3 2 6 0.000000
3 3 6 0.000000
3 4 6 0.000000
3 5 6 0.000000
3 0 7 0.000000
3 1 7 0.000000
3 2 7 0.000000
3 3 7 0.000000
3 4 7 0.000000
3 5 7 0.000000
3 0 8 0.000000
3 1 8 0.000000
3 2 8 0.000000
3 3 8 0.000000
3 4 8 0.000000
3 5 8 0.000000
4 0 0 0.000000
4 1 0 0.000000
4 2 0 0.000000
4 3 0 0.154545
4 4 0 0.000000
4 5 0 0.000000
4 0 1 0.000000
4 1 1 0.000000
4 2 1 0.000000
4 3 1 0.000000
4 4 1 0.007604
4 5 1 0.000000
4 0 2 0.000000
4 1 2 0.000000
4 2 2 0.000000
4 3 2 0.000000
4 4 2 0.000000
4 5 2 0.120609
4 0 3 0.000000
4 1 3 0.000000
4 2 3 0.000000
4 3 3 0.000000
4 4 3 0.000000
4 5 3 0.000000
4 0 4 0.055703
4 1 4 0.000000
4 2 4 0.000000
4 3 4 0.000000
4 4 4 0.000000
4 5 4 0.000000
4 0 5 0.000000
4 1 5 0.000000
4 2 5 0.000000
4 3 5 0.000000
4 4 5 0.000000
4 5 5 0.000000
4 0 6 0.000000
4 1 6 0.000000
4 2 6 0.000000
4 3 6 0.142304
4 4 6 0.000000
4 5 6 0.000000
4 0 7 0.000000
4 1 7 0.000000
4 2 7 0.234335
4 3 7 0.000000
4 4 7 0.000000
4 5 7 0.000000
4 0 8 0.000000
4 1 8 0.000000
4 2 8 0.000000
4 3 8 0.144245
4 4 8 0.000000
4 5 8 0.000000
5 0 0 0.000000
5 1 0 0.000000
5 2 0 0.000000
5 3 0 0.000000
5 4 0 0.000000
5 5 0 0.000000
5 0 1 0.000000
5 1 1 0.000000
5 2 1 0.000000
5 3 1 0.000000
5 4 1 0.246097
5 5 1 0.000000
5 0 2 0.000000
5 1 2 0.000000
5 2 2 0.000000
5 3 2 0.000000
5 4 2 0.354708
5 5 2 0.000000
5 0 3 0.399195
5 1 3 0.000000
5 2 3 0.000000
5 3 3 0.000000
5 4 3 0.000000
5 5 3 0.000000
5 0 4 0.000000
5 1 4 0.000000
5 2 4 0.000000
5 3 4 0.000000
5 4 4 0.000000
5 5 4 0.000000
5 0 5 0.000000
5 1 5 0.000000
5 2 5 0.000000
5 3 5 0.000000
5 4 5 0.000000
5 5 5 0.000000
5 0 6 0.000000
5 1 6 0.000000
5 2 6 0.000000
5 3 6 0.000000
5 4 6 0.000000
5 5 6 0.000000
5 0 7 0.000000
5 1 7 0.000000
5 2 7 0.000000
5 3 7 0.000000
5 4 7 0.000000
5 5 7 0.000000
5 0 8 0.000000
5 1 8 0.000000
5 2 8 0.000000
5 3 8 0.000000
5 4 8 0.000000
5 5 8 0.000000
0 0.000000
1 0.000000
2 0.188227
3 0.301348
4 0.140655
5 0.000000
